Time	C	A	B	Soma	DistalExcitation	DistalInhibition	
0	-0.06	-0.06	-0.06	-0.06	-0.06	-0.06	
0.0002	-0.06	-0.06	-0.06	-0.06	-0.06	-0.06	
0.0004	-0.06	-0.06	-0.06	-0.06	-0.06	-0.06	
0.0006	-0.06	-0.06	-0.06	-0.06	-0.06	-0.06	
0.0008	-0.06	-0.06	-0.06	-0.06	-0.06	-0.06	
0.0009999999	-0.06	-0.06	-0.06	-0.06	-0.06	-0.06	
0.0012	-0.06	-0.06	-0.06	-0.06	-0.06	-0.06	
0.0014	-0.06	-0.06	-0.06	-0.06	-0.06	-0.06	
0.0016	-0.06	-0.06	-0.06	-0.06	-0.06	-0.06	
0.0018	-0.06	-0.06	-0.06	-0.06	-0.06	-0.06	
0.002	-0.06	-0.06	-0.06	-0.06	-0.06	-0.06	
0.0022	-0.06	-0.06	-0.06	-0.06	-0.06	-0.06	
0.0024	-0.06	-0.06	-0.06	-0.06	-0.06	-0.06	
0.0026	-0.06	-0.06	-0.06	-0.06	-0.06	-0.06	
0.0028	-0.06	-0.06	-0.06	-0.06	-0.06	-0.06	
0.003	-0.06	-0.06	-0.06	-0.06	-0.06	-0.06	
0.0032	-0.06	-0.06	-0.06	-0.06	-0.06	-0.06	
0.0034	-0.06	-0.06	-0.06	-0.06	-0.06	-0.06	
0.0036	-0.06	-0.06	-0.06	-0.06	-0.06	-0.06	
0.0038	-0.06	-0.06	-0.06	-0.06	-0.06	-0.06	
0.004	-0.06	-0.06	-0.06	-0.06	-0.06	-0.06	
0.0042	-0.06	-0.06	-0.06	-0.06	-0.06	-0.06	
0.0044	-0.06	-0.06	-0.06	-0.06	-0.06	-0.06	
0.0046	-0.06	-0.06	-0.06	-0.06	-0.06	-0.06	
0.0048	-0.06	-0.06	-0.06	-0.06	-0.06	-0.06	
0.005	-0.06	-0.06	-0.06	-0.06	-0.06	-0.06	
0.0052	-0.06	-0.06	-0.06	-0.06	-0.06	-0.06	
0.0054	-0.06	-0.06	-0.06	-0.06	-0.06	-0.06	
0.0056	-0.06	-0.06	-0.06	-0.06	-0.06	-0.06	
0.0058	-0.06	-0.06	-0.06	-0.06	-0.06	-0.06	
0.006	-0.06	-0.06	-0.06	-0.06	-0.06	-0.06	
0.0062	-0.06	-0.06	-0.06	-0.06	-0.06	-0.06	
0.0064	-0.06	-0.06	-0.06	-0.06	-0.06	-0.06	
0.0066	-0.06	-0.06	-0.06	-0.06	-0.06	-0.06	
0.0068	-0.06	-0.06	-0.06	-0.06	-0.06	-0.06	
0.007	-0.06	-0.06	-0.06	-0.06	-0.06	-0.06	
0.0072	-0.06	-0.06	-0.06	-0.06	-0.06	-0.06	
0.0074	-0.06	-0.06	-0.06	-0.06	-0.06	-0.06	
0.0076	-0.06	-0.06	-0.06	-0.06	-0.06	-0.06	
0.0078	-0.06	-0.06	-0.06	-0.06	-0.06	-0.06	
0.007999999	-0.06	-0.06	-0.06	-0.06	-0.06	-0.06	
0.0082	-0.06	-0.06	-0.06	-0.06	-0.06	-0.06	
0.0084	-0.06	-0.06	-0.06	-0.06	-0.06	-0.06	
0.008599999	-0.06	-0.06	-0.06	-0.06	-0.06	-0.06	
0.0088	-0.06	-0.06	-0.06	-0.06	-0.06	-0.06	
0.009	-0.06	-0.06	-0.06	-0.06	-0.06	-0.06	
0.0092	-0.06	-0.06	-0.06	-0.06	-0.06	-0.06	
0.0094	-0.06	-0.06	-0.06	-0.06	-0.06	-0.06	
0.0096	-0.06	-0.06	-0.06	-0.06	-0.06	-0.06	
0.0098	-0.06	-0.06	-0.06	-0.06	-0.06	-0.06	
0.01	-0.06	-0.06	-0.06	-0.06	-0.06	-0.06	
0.0102	-0.06	-0.06	-0.06	-0.06	-0.06	-0.06	
0.0104	-0.06	-0.06	-0.06	-0.06	-0.06	-0.06	
0.0106	-0.06	-0.06	-0.06	-0.06	-0.06	-0.06	
0.0108	-0.06	-0.06	-0.06	-0.06	-0.06	-0.06	
0.011	-0.06	-0.06	-0.06	-0.06	-0.06	-0.06	
0.0112	-0.06	-0.06	-0.06	-0.06	-0.06	-0.06	
0.0114	-0.06	-0.06	-0.06	-0.06	-0.06	-0.06	
0.0116	-0.06	-0.06	-0.06	-0.06	-0.06	-0.06	
0.0118	-0.06	-0.06	-0.06	-0.06	-0.06	-0.06	
0.012	-0.06	-0.06	-0.06	-0.06	-0.06	-0.06	
0.0122	-0.06	-0.06	-0.06	-0.06	-0.06	-0.06	
0.0124	-0.06	-0.06	-0.06	-0.06	-0.06	-0.06	
0.0126	-0.06	-0.06	-0.06	-0.06	-0.06	-0.06	
0.0128	-0.06	-0.06	-0.06	-0.06	-0.06	-0.06	
0.013	-0.06	-0.06	-0.06	-0.06	-0.06	-0.06	
0.0132	-0.06	-0.06	-0.06	-0.06	-0.06	-0.06	
0.0134	-0.06	-0.06	-0.06	-0.06	-0.06	-0.06	
0.0136	-0.06	-0.06	-0.06	-0.06	-0.06	-0.06	
0.0138	-0.06	-0.06	-0.06	-0.06	-0.06	-0.06	
0.014	-0.06	-0.06	-0.06	-0.06	-0.06	-0.06	
0.0142	-0.06	-0.06	-0.06	-0.06	-0.06	-0.06	
0.0144	-0.06	-0.06	-0.06	-0.06	-0.06	-0.06	
0.0146	-0.06	-0.06	-0.06	-0.06	-0.06	-0.06	
0.0148	-0.06	-0.06	-0.06	-0.06	-0.06	-0.06	
0.015	-0.06	-0.06	-0.06	-0.06	-0.06	-0.06	
0.0152	-0.06	-0.06	-0.06	-0.06	-0.06	-0.06	
0.0154	-0.06	-0.06	-0.06	-0.06	-0.06	-0.06	
0.0156	-0.06	-0.06	-0.06	-0.06	-0.06	-0.06	
0.0158	-0.06	-0.06	-0.06	-0.06	-0.06	-0.06	
0.016	-0.06	-0.06	-0.06	-0.06	-0.06	-0.06	
0.0162	-0.06	-0.06	-0.06	-0.06	-0.06	-0.06	
0.0164	-0.06	-0.06	-0.06	-0.06	-0.06	-0.06	
0.0166	-0.06	-0.06	-0.06	-0.06	-0.06	-0.06	
0.0168	-0.06	-0.06	-0.06	-0.06	-0.06	-0.06	
0.017	-0.06	-0.06	-0.06	-0.06	-0.06	-0.06	
0.0172	-0.06	-0.06	-0.06	-0.06	-0.06	-0.06	
0.0174	-0.06	-0.06	-0.06	-0.06	-0.06	-0.06	
0.0176	-0.06	-0.06	-0.06	-0.06	-0.06	-0.06	
0.0178	-0.06	-0.06	-0.06	-0.06	-0.06	-0.06	
0.018	-0.06	-0.06	-0.06	-0.06	-0.06	-0.06	
0.0182	-0.06	-0.06	-0.06	-0.06	-0.06	-0.06	
0.0184	-0.06	-0.06	-0.06	-0.06	-0.06	-0.06	
0.0186	-0.06	-0.06	-0.06	-0.06	-0.06	-0.06	
0.0188	-0.06	-0.06	-0.06	-0.06	-0.06	-0.06	
0.019	-0.06	-0.06	-0.06	-0.06	-0.06	-0.06	
0.0192	-0.06	-0.06	-0.06	-0.06	-0.06	-0.06	
0.0194	-0.06	-0.06	-0.06	-0.06	-0.06	-0.06	
0.0196	-0.06	-0.06	-0.06	-0.06	-0.06	-0.06	
0.0198	-0.06	-0.06	-0.06	-0.06	-0.06	-0.06	
0.02	-0.06	-0.06	-0.06	-0.06	-0.06	-0.06	
0.0202	-0.06	-0.06	-0.06	-0.06	-0.06	-0.06	
0.0204	-0.06	-0.06	-0.06	-0.06	-0.06	-0.06	
0.0206	-0.06	-0.06	-0.06	-0.06	-0.06	-0.06	
0.0208	-0.06	-0.06	-0.06	-0.06	-0.06	-0.06	
0.021	-0.06	-0.06	-0.06	-0.06	-0.06	-0.06	
0.0212	-0.06	-0.06	-0.06	-0.06	-0.06	-0.06	
0.0214	-0.06	-0.06	-0.06	-0.06	-0.06	-0.06	
0.0216	-0.06	-0.06	-0.06	-0.06	-0.06	-0.06	
0.0218	-0.06	-0.06	-0.06	-0.06	-0.06	-0.06	
0.022	-0.06	-0.06	-0.06	-0.06	-0.06	-0.06	
0.0222	-0.06	-0.06	-0.06	-0.06	-0.06	-0.06	
0.0224	-0.06	-0.06	-0.06	-0.06	-0.06	-0.06	
0.0226	-0.06	-0.06	-0.06	-0.06	-0.06	-0.06	
0.0228	-0.06	-0.06	-0.06	-0.06	-0.06	-0.06	
0.023	-0.06	-0.06	-0.06	-0.06	-0.06	-0.06	
0.0232	-0.06	-0.06	-0.06	-0.06	-0.06	-0.06	
0.0234	-0.06	-0.06	-0.06	-0.06	-0.06	-0.06	
0.0236	-0.06	-0.06	-0.06	-0.06	-0.06	-0.06	
0.0238	-0.06	-0.06	-0.06	-0.06	-0.06	-0.06	
0.024	-0.06	-0.06	-0.06	-0.06	-0.06	-0.06	
0.0242	-0.06	-0.06	-0.06	-0.06	-0.06	-0.06	
0.0244	-0.06	-0.06	-0.06	-0.06	-0.06	-0.06	
0.0246	-0.06	-0.06	-0.06	-0.06	-0.06	-0.06	
0.0248	-0.06	-0.06	-0.06	-0.06	-0.06	-0.06	
0.025	-0.06	-0.06	-0.06	-0.06	-0.06	-0.06	
0.0252	-0.06	-0.06	-0.06	-0.06	-0.06	-0.06	
0.0254	-0.06	-0.06	-0.06	-0.06	-0.06	-0.06	
0.0256	-0.06	-0.06	-0.06	-0.06	-0.06	-0.06	
0.0258	-0.06	-0.06	-0.06	-0.06	-0.06	-0.06	
0.026	-0.06	-0.06	-0.06	-0.06	-0.06	-0.06	
0.0262	-0.06	-0.06	-0.06	-0.06	-0.06	-0.06	
0.0264	-0.06	-0.06	-0.06	-0.06	-0.06	-0.06	
0.0266	-0.06	-0.06	-0.06	-0.06	-0.06	-0.06	
0.0268	-0.06	-0.06	-0.06	-0.06	-0.06	-0.06	
0.027	-0.06	-0.06	-0.06	-0.06	-0.06	-0.06	
0.0272	-0.06	-0.06	-0.06	-0.06	-0.06	-0.06	
0.0274	-0.06	-0.06	-0.06	-0.06	-0.06	-0.06	
0.0276	-0.06	-0.06	-0.06	-0.06	-0.06	-0.06	
0.0278	-0.06	-0.06	-0.06	-0.06	-0.06	-0.06	
0.028	-0.06	-0.06	-0.06	-0.06	-0.06	-0.06	
0.0282	-0.06	-0.06	-0.06	-0.06	-0.06	-0.06	
0.0284	-0.06	-0.06	-0.06	-0.06	-0.06	-0.06	
0.0286	-0.06	-0.06	-0.06	-0.06	-0.06	-0.06	
0.0288	-0.06	-0.06	-0.06	-0.06	-0.06	-0.06	
0.029	-0.06	-0.06	-0.06	-0.06	-0.06	-0.06	
0.0292	-0.06	-0.06	-0.06	-0.06	-0.06	-0.06	
0.0294	-0.06	-0.06	-0.06	-0.06	-0.06	-0.06	
0.0296	-0.06	-0.06	-0.06	-0.06	-0.06	-0.06	
0.0298	-0.06	-0.06	-0.06	-0.06	-0.06	-0.06	
0.03	-0.06	-0.06	-0.06	-0.06	-0.05882369	-0.06	
0.0302	-0.06	-0.06	-0.06	-0.06	-0.05769349	-0.06	
0.0304	-0.06	-0.06	-0.06	-0.06	-0.05660762	-0.06	
0.0306	-0.06	-0.06	-0.06	-0.06	-0.05556431	-0.06	
0.0308	-0.06	-0.06	-0.06	-0.06	-0.05456192	-0.06	
0.031	-0.06	-0.06	-0.06	-0.06	-0.05359884	-0.06	
0.0312	-0.06	-0.06	-0.06	-0.06	-0.05267351	-0.06	
0.0314	-0.06	-0.06	-0.06	-0.06	-0.05178447	-0.06	
0.0316	-0.06	-0.06	-0.06	-0.06	-0.05093029	-0.06	
0.0318	-0.06	-0.06	-0.06	-0.06	-0.0501096	-0.06	
0.032	-0.06	-0.06	-0.06	-0.06	-0.04932109	-0.06	
0.0322	-0.06	-0.06	-0.06	-0.06	-0.0485635	-0.06	
0.0324	-0.06	-0.06	-0.06	-0.06	-0.04783562	-0.06	
0.0326	-0.06	-0.06	-0.06	-0.06	-0.04713627	-0.06	
0.0328	-0.06	-0.06	-0.06	-0.06	-0.04646435	-0.06	
0.033	-0.06	-0.06	-0.06	-0.06	-0.04581877	-0.06	
0.0332	-0.06	-0.06	-0.06	-0.06	-0.04519851	-0.06	
0.0334	-0.06	-0.06	-0.06	-0.06	-0.04460257	-0.06	
0.0336	-0.06	-0.06	-0.06	-0.06	-0.04403	-0.06	
0.0338	-0.06	-0.06	-0.06	-0.06	-0.04347987	-0.06	
0.034	-0.06	-0.06	-0.06	-0.06	-0.04295132	-0.06	
0.0342	-0.06	-0.06	-0.06	-0.06	-0.04244349	-0.06	
0.0344	-0.06	-0.06	-0.06	-0.06	-0.04195558	-0.06	
0.0346	-0.06	-0.06	-0.06	-0.06	-0.04148679	-0.06	
0.0348	-0.06	-0.06	-0.06	-0.06	-0.04103639	-0.06	
0.035	-0.06	-0.06	-0.06	-0.06	-0.04060364	-0.06	
0.0352	-0.06	-0.06	-0.06	-0.06	-0.04018787	-0.06	
0.0354	-0.06	-0.06	-0.06	-0.06	0	-0.06	
0.0356	-0.01309503	-0.06	-0.06	-0.06	-0.0405735	-0.06	
0.0358	-0.01243757	-0.06	-0.05369756	-0.06	-0.04122612	-0.06	
0.036	-0.01222765	-0.05684917	-0.04921216	-0.06	-0.04176394	-0.06	
0.0362	-0.01208835	-0.05460675	-0.04563123	-0.05954308	-0.04220196	-0.06	
0.0364	-0.01198068	-0.05258809	-0.04281288	-0.0588438	-0.04255299	-0.06	
0.0366	-0.01190005	-0.05082949	-0.04056088	-0.05797854	-0.04282799	-0.06	
0.0368	-0.01183986	-0.04927105	-0.03874258	-0.05701511	-0.04303639	-0.06	
0.037	-0.01179555	-0.04788036	-0.03725651	-0.05600031	-0.04318634	-0.06	
0.0372	-0.01176365	-0.04663008	-0.03602689	-0.05496779	-0.04328493	-0.06	
0.0374	-0.01174145	-0.04549916	-0.03499673	-0.05394113	-0.04333832	-0.06	
0.0376	-0.01172697	-0.04447088	-0.03412308	-0.05293658	-0.04335192	-0.06	
0.0378	-0.01171864	-0.04353189	-0.03337345	-0.05196499	-0.04333045	-0.06	
0.038	-0.01171526	-0.04267139	-0.03272315	-0.05103337	-0.0432781	-0.06	
0.0382	-0.01171597	-0.04188052	-0.03215338	-0.05014583	-0.04319856	-0.06	
0.0384	-0.01172006	-0.04115196	-0.03164969	-0.04930448	-0.04309511	-0.06	
0.0386	-0.01172701	-0.04047953	-0.03120094	-0.04850999	-0.04297065	-0.06	
0.0388	-0.01173639	-0.03985799	-0.03079844	-0.04776201	-0.04282779	-0.06	
0.039	-0.01174791	-0.03928281	-0.03043536	-0.04705948	-0.04266885	-0.06	
0.0392	-0.0117613	-0.03875007	-0.03010632	-0.04640089	-0.04249592	-0.06	
0.0394	-0.0117764	-0.03825632	-0.02980698	-0.04578442	-0.04231086	-0.06	
0.0396	-0.01179305	-0.03779848	-0.02953381	-0.0452081	-0.04211536	-0.06	
0.0398	-0.01181112	-0.03737379	-0.02928395	-0.04466986	-0.04191094	-0.06	
0.04	-0.01183054	-0.03697978	-0.02905499	-0.04416759	-0.04169896	-0.06	
0.0402	-0.01185123	-0.03661421	-0.02884492	-0.04369923	-0.04148066	-0.06	
0.0404	-0.01187313	-0.03627504	-0.02865202	-0.04326276	-0.04125717	-0.06	
0.0406	-0.01189618	-0.0359604	-0.02847481	-0.04285622	-0.04102949	-0.06	
0.0408	-0.01192036	-0.03566856	-0.02831199	-0.04247775	-0.04079855	-0.06	
0.041	-0.01194563	-0.03539795	-0.02816243	-0.04212556	-0.04056517	-0.06	
0.0412	-0.01197198	-0.0351471	-0.02802512	-0.04179797	-0.0403301	-0.06	
0.0414	-0.01199937	-0.03491468	-0.02789916	-0.04149339	-0.04009403	-0.06	
0.0416	-0.01202779	-0.03469944	-0.02778373	-0.04121031	0	-0.06	
0.0418	-0.01076504	-0.03450022	-0.0276781	-0.04094733	-0.04078176	-0.06	
0.042	-0.01077502	-0.03431593	-0.02740796	-0.04070313	-0.04155026	-0.06	
0.0422	-0.0107831	-0.03405879	-0.02719607	-0.04047647	-0.04218475	-0.06	
0.0424	-0.01079273	-0.03383954	-0.02701477	-0.04025362	-0.04270342	-0.06	
0.0426	-0.01080326	-0.03363749	-0.02686012	-0.04003936	-0.04312168	-0.06	
0.0428	-0.01081462	-0.03345305	-0.02672649	-0.03983464	-0.04345261	-0.06	
0.043	-0.01082671	-0.0332839	-0.02661	-0.03964028	-0.04370738	-0.06	
0.0432	-0.01083944	-0.0331285	-0.02650763	-0.03945663	-0.0438956	-0.06	
0.0434	-0.01085276	-0.0329855	-0.02641704	-0.03928373	-0.04402553	-0.06	
0.0436	-0.01086662	-0.03285378	-0.02633641	-0.03912143	-0.04410432	-0.06	
0.0438	-0.01088099	-0.03273233	-0.02626432	-0.03896946	-0.04413822	-0.06	
0.044	-0.01089584	-0.03262031	-0.02619964	-0.03882742	-0.04413263	-0.06	
0.0442	-0.01091116	-0.03251696	-0.02614145	-0.03869488	-0.04409233	-0.06	
0.0444	-0.01092692	-0.03242161	-0.02608903	-0.03857138	-0.04402151	-0.06	
0.0446	-0.01094313	-0.03233366	-0.02604176	-0.03845644	-0.04392386	-0.06	
0.0448	-0.01095977	-0.03225257	-0.02599914	-0.03834958	-0.04380266	-0.06	
0.045	-0.01097686	-0.03217784	-0.02596075	-0.03825033	-0.04482812	-0.06	
0.0452	-0.01099437	-0.03210903	-0.02592622	-0.03815823	-0.0457742	-0.06	
0.0454	-0.01101231	-0.03204572	-0.02589523	-0.03807285	-0.04664842	-0.06	
0.0456	-0.0110307	-0.03198754	-0.02586752	-0.03799377	-0.04745749	-0.06	
0.0458	-0.01104951	-0.03193415	-0.02584284	-0.03792059	-0.04820735	-0.06	
0.046	-0.01106876	-0.03188523	-0.02582098	-0.03785292	-0.0489033	-0.06	
0.0462	-0.01108844	-0.03184047	-0.02580173	-0.03779044	-0.04955005	-0.06	
0.0464	-0.01110857	-0.03179961	-0.02578494	-0.03773278	-0.05015185	-0.06	
0.0466	-0.01112914	-0.03176239	-0.02577044	-0.03767965	-0.05071248	-0.06	
0.0468	-0.01115017	-0.03172858	-0.02575808	-0.03763075	-0.05123537	-0.06	
0.047	-0.01117166	-0.03169795	-0.02574775	-0.03758582	-0.05172357	-0.06	
0.0472	-0.0111936	-0.03167032	-0.0257393	-0.03754459	-0.05217985	-0.06	
0.0474	-0.01121601	-0.03164549	-0.02573265	-0.03750682	-0.05260674	-0.06	
0.0476	-0.01123889	-0.03162328	-0.02572768	-0.0374723	-0.05300649	-0.06	
0.0478	-0.01126225	-0.03160354	-0.02572431	-0.03744082	-0.05338116	-0.06	
0.048	-0.0112861	-0.03158612	-0.02572244	-0.03741218	-0.05373264	-0.06	
0.0482	-0.01131043	-0.03157086	-0.025722	-0.03738621	-0.05406263	-0.06	
0.0484	-0.01133526	-0.03155766	-0.02572291	-0.03736273	-0.05437268	-0.06	
0.0486	-0.01136058	-0.03154638	-0.02572511	-0.03734159	-0.05466421	-0.06	
0.0488	-0.01138643	-0.03153691	-0.02572853	-0.03732265	-0.05493852	-0.06	
0.049	-0.01141277	-0.03152915	-0.02573312	-0.03730577	-0.05519682	-0.06	
0.0492	-0.01143965	-0.031523	-0.02573881	-0.03729083	-0.05544019	-0.06	
0.0494	-0.01146707	-0.03151838	-0.02574557	-0.03727769	-0.05566964	-0.06	
0.0496	-0.01149502	-0.0315152	-0.02575336	-0.03726628	-0.0558861	-0.06	
0.0498	-0.01152351	-0.03151338	-0.02576211	-0.03725646	-0.05609041	-0.06	
0.05	-0.01155256	-0.03151285	-0.0257718	-0.03724817	-0.05628337	-0.06	
0.0502	-0.01158216	-0.03151355	-0.0257824	-0.0372413	-0.0564657	-0.06	
0.0504	-0.01161235	-0.03151541	-0.02579386	-0.03723578	-0.05663807	-0.06	
0.0506	-0.0116431	-0.03151838	-0.02580616	-0.03723153	-0.05680112	-0.06	
0.0508	-0.01167445	-0.03152241	-0.02581928	-0.03722848	-0.0569554	-0.06	
0.051	-0.01170638	-0.03152744	-0.02583318	-0.03722657	-0.05710147	-0.06	
0.0512	-0.01173893	-0.03153343	-0.02584785	-0.03722573	-0.05723982	-0.06	
0.0514	-0.01177209	-0.03154035	-0.02586326	-0.03722591	-0.0573709	-0.06	
0.0516	-0.01180587	-0.03154814	-0.0258794	-0.03722706	-0.05749515	-0.06	
0.0518	-0.01184028	-0.03155679	-0.02589624	-0.03722914	-0.05761299	-0.06	
0.052	-0.01187533	-0.03156625	-0.02591378	-0.03723209	-0.05772476	-0.06	
0.0522	-0.01191103	-0.03157649	-0.025932	-0.03723588	-0.05783083	-0.06	
0.0524	-0.0119474	-0.03158749	-0.02595088	-0.03724047	-0.05793152	-0.06	
0.0526	-0.01198442	-0.03159923	-0.02597041	-0.03724582	-0.05802713	-0.06	
0.0528	-0.01202214	-0.03161167	-0.0259906	-0.03725191	-0.05811796	-0.06	
0.053	-0.01206054	-0.0316248	-0.02601142	-0.03725869	-0.05820426	-0.06	
0.0532	-0.01209964	-0.0316386	-0.02603287	-0.03726615	-0.05828628	-0.06	
0.0534	-0.01213945	-0.03165305	-0.02605494	-0.03727426	-0.05836427	-0.06	
0.0536	-0.01217998	-0.03166814	-0.02607764	-0.03728299	-0.05843844	-0.06	
0.0538	-0.01222125	-0.03168385	-0.02610094	-0.03729233	-0.058509	-0.06	
0.054	-0.01226325	-0.03170017	-0.02612486	-0.03730225	-0.05857613	-0.06	
0.0542	-0.01230601	-0.03171709	-0.02614938	-0.03731274	-0.05864003	-0.06	
0.0544	-0.01234953	-0.03173459	-0.0261745	-0.03732379	-0.05870086	-0.06	
0.0546	-0.01239383	-0.03175268	-0.02620023	-0.03733537	-0.05875878	-0.06	
0.0548	-0.01243891	-0.03177133	-0.02622656	-0.03734747	-0.05881394	-0.06	
0.055	-0.01248478	-0.03179054	-0.0262535	-0.03736009	-0.0588665	-0.06	
0.0552	-0.01253147	-0.03181032	-0.02628104	-0.0373732	-0.05891658	-0.06	
0.0554	-0.01257898	-0.03183064	-0.02630918	-0.0373868	-0.05896431	-0.06	
0.0556	-0.01262732	-0.03185151	-0.02633793	-0.03740089	-0.05900982	-0.06	
0.0558	-0.0126765	-0.03187293	-0.02636729	-0.03741545	-0.0590532	-0.06	
0.056	-0.01272654	-0.03189488	-0.02639725	-0.03743048	-0.05909457	-0.06	
0.0562	-0.01277744	-0.03191737	-0.02642784	-0.03744596	-0.05913403	-0.06	
0.0564	-0.01282923	-0.0319404	-0.02645903	-0.0374619	-0.05917167	-0.06	
0.0566	-0.0128819	-0.03196397	-0.02649085	-0.03747829	-0.05920759	-0.06	
0.0568	-0.01293548	-0.03198808	-0.0265233	-0.03749513	-0.05924187	-0.06	
0.057	-0.01298997	-0.03201271	-0.02655637	-0.03751241	-0.05927458	-0.06	
0.0572	-0.01304539	-0.03203789	-0.02659007	-0.03753013	-0.05930582	-0.06	
0.0574	-0.01310175	-0.0320636	-0.02662442	-0.03754829	-0.05933565	-0.06	
0.0576	-0.01315907	-0.03208984	-0.02665941	-0.03756689	-0.05936412	-0.06	
0.0578	-0.01321735	-0.03211663	-0.02669505	-0.03758592	-0.05939132	-0.06	
0.058	-0.0132766	-0.03214397	-0.02673135	-0.03760539	-0.0594173	-0.06	
0.0582	-0.01333684	-0.03217185	-0.0267683	-0.03762529	-0.05944213	-0.06	
0.0584	-0.01339809	-0.03220027	-0.02680592	-0.03764562	-0.05946584	-0.06	
0.0586	-0.01346035	-0.03222924	-0.02684422	-0.03766639	-0.0594885	-0.06	
0.0588	-0.01352363	-0.03225878	-0.0268832	-0.0376876	-0.05951016	-0.06	
0.059	-0.01358797	-0.03228886	-0.02692287	-0.03770924	-0.05953087	-0.06	
0.0592	-0.01365335	-0.03231952	-0.02696323	-0.03773133	-0.05955066	-0.06	
0.0594	-0.0137198	-0.03235073	-0.02700429	-0.03775386	-0.05956959	-0.06	
0.0596	-0.01378733	-0.03238253	-0.02704606	-0.03777683	-0.05958768	-0.06	
0.0598	-0.01385595	-0.03241489	-0.02708855	-0.03780025	-0.05960499	-0.06	
0.06	-0.01392567	-0.03244784	-0.02713176	-0.03782411	-0.05962154	-0.06	
0.0602	-0.01399651	-0.03248137	-0.02717571	-0.03784843	-0.05963738	-0.06	
0.0604	-0.01406849	-0.0325155	-0.02722039	-0.0378732	-0.05965253	-0.06	
0.0606	-0.0141416	-0.03255023	-0.02726582	-0.03789844	-0.05966702	-0.06	
0.0608	-0.01421587	-0.03258556	-0.027312	-0.03792413	-0.05968089	-0.06	
0.061	-0.01429131	-0.03262149	-0.02735895	-0.03795029	-0.05969416	-0.06	
0.0612	-0.01436792	-0.03265804	-0.02740668	-0.03797692	-0.05970686	-0.06	
0.0614	-0.01444574	-0.03269521	-0.02745517	-0.03800403	-0.05971901	-0.06	
0.0616	-0.01452475	-0.03273301	-0.02750446	-0.0380316	-0.05973065	-0.06	
0.0618	-0.01460499	-0.03277143	-0.02755454	-0.03805967	-0.05974178	-0.06	
0.062	-0.01468646	-0.0328105	-0.02760542	-0.03808821	-0.05975245	-0.06	
0.0622	-0.01476916	-0.03285021	-0.02765712	-0.03811725	-0.05976266	-0.06	
0.0624	-0.01485313	-0.03289057	-0.02770964	-0.03814678	-0.05977244	-0.06	
0.0626	-0.01493837	-0.0329316	-0.02776298	-0.03817681	-0.0597818	-0.06	
0.0628	-0.01502488	-0.03297327	-0.02781717	-0.03820735	-0.05979077	-0.06	
0.063	-0.01511269	-0.03301563	-0.0278722	-0.0382384	-0.05979935	-0.06	
0.0632	-0.0152018	-0.03305866	-0.02792807	-0.03826996	-0.05980758	-0.06	
0.0634	-0.01529222	-0.03310238	-0.02798482	-0.03830204	-0.05981546	-0.06	
0.0636	-0.01538397	-0.03314679	-0.02804243	-0.03833465	-0.05982301	-0.06	
0.0638	-0.01547706	-0.03319189	-0.02810092	-0.03836778	-0.05983024	-0.06	
0.064	-0.0155715	-0.03323769	-0.02816029	-0.03840144	-0.05983718	-0.06	
0.0642	-0.0156673	-0.03328421	-0.02822056	-0.03843565	-0.05984382	-0.06	
0.06439999	-0.01576448	-0.03333144	-0.02828173	-0.0384704	-0.05985018	-0.06	
0.0646	-0.01586303	-0.03337939	-0.02834381	-0.0385057	-0.05985628	-0.06	
0.0648	-0.01596298	-0.03342808	-0.02840681	-0.03854156	-0.05986213	-0.06	
0.065	-0.01606433	-0.0334775	-0.02847073	-0.03857798	-0.05986773	-0.06	
0.0652	-0.01616709	-0.03352766	-0.02853559	-0.03861496	-0.0598731	-0.06	
0.0654	-0.01627127	-0.03357857	-0.02860138	-0.03865252	-0.05987824	-0.06	
0.0656	-0.0163769	-0.03363024	-0.02866812	-0.03869065	-0.05988318	-0.06	
0.0658	-0.01648396	-0.03368268	-0.02873583	-0.03872936	-0.05988791	-0.06	
0.066	-0.01659247	-0.03373588	-0.02880449	-0.03876866	-0.05989245	-0.06	
0.0662	-0.01670245	-0.03378985	-0.02887413	-0.03880854	-0.0598968	-0.06	
0.0664	-0.01681389	-0.03384461	-0.02894474	-0.03884903	-0.05990097	-0.06	
0.06659999	-0.0169268	-0.03390015	-0.02901633	-0.03889011	-0.05990496	-0.06	
0.0668	-0.01704121	-0.03395648	-0.02908892	-0.03893181	-0.0599088	-0.06	
0.067	-0.0171571	-0.03401361	-0.0291625	-0.03897411	-0.05991248	-0.06	
0.0672	-0.0172745	-0.03407155	-0.02923708	-0.03901703	-0.059916	-0.06	
0.0674	-0.0173934	-0.03413029	-0.02931268	-0.03906057	-0.05991938	-0.06	
0.0676	-0.01751382	-0.03418985	-0.02938929	-0.03910474	-0.05992262	-0.06	
0.0678	-0.01763576	-0.03425024	-0.02946692	-0.03914955	-0.05992573	-0.06	
0.068	-0.01775922	-0.03431144	-0.02954558	-0.03919498	-0.05992872	-0.06	
0.0682	-0.01788422	-0.03437348	-0.02962528	-0.03924105	-0.05993158	-0.06	
0.0684	-0.01801075	-0.03443636	-0.02970601	-0.03928777	-0.05993432	-0.06	
0.0686	-0.01813882	-0.03450008	-0.02978778	-0.03933514	-0.05993696	-0.06	
0.06879999	-0.01826844	-0.03456464	-0.0298706	-0.03938315	-0.05993948	-0.06	
0.069	-0.01839961	-0.03463005	-0.02995448	-0.03943184	-0.05994191	-0.06	
0.0692	-0.01853233	-0.03469632	-0.03003941	-0.03948118	-0.05994423	-0.06	
0.0694	-0.01866661	-0.03476345	-0.0301254	-0.03953119	-0.05994647	-0.06	
0.0696	-0.01880245	-0.03483143	-0.03021246	-0.03958187	-0.0599486	-0.06	
0.0698	-0.01893985	-0.0349003	-0.03030058	-0.03963321	-0.05995066	-0.06	
0.07	-0.0190788	-0.03497002	-0.03038978	-0.03968524	-0.05995263	-0.06	
0.0702	-0.01921933	-0.03504063	-0.03048005	-0.03973795	-0.05995452	-0.06	
0.0704	-0.01936142	-0.03511211	-0.0305714	-0.03979134	-0.05995634	-0.06	
0.0706	-0.01950508	-0.03518447	-0.03066383	-0.03984543	-0.05995809	-0.06	
0.0708	-0.0196503	-0.03525772	-0.03075734	-0.03990019	-0.05995975	-0.06	
0.07099999	-0.01979708	-0.03533185	-0.03085193	-0.03995566	-0.05996136	-0.06	
0.0712	-0.01994543	-0.03540687	-0.03094761	-0.04001182	-0.0599629	-0.06	
0.0714	-0.02009534	-0.03548278	-0.03104438	-0.04006868	-0.05996438	-0.06	
0.0716	-0.0202468	-0.03555959	-0.03114223	-0.04012624	-0.0599658	-0.06	
0.0718	-0.02039983	-0.03563728	-0.03124117	-0.04018451	-0.05996716	-0.06	
0.072	-0.0205544	-0.03571587	-0.03134121	-0.04024348	-0.05996846	-0.06	
0.0722	-0.02071052	-0.03579536	-0.03144232	-0.04030316	-0.05996972	-0.06	
0.0724	-0.02086818	-0.03587576	-0.03154453	-0.04036354	-0.05997092	-0.06	
0.0726	-0.02102739	-0.03595704	-0.03164782	-0.04042464	-0.05997208	-0.06	
0.0728	-0.02118813	-0.03603923	-0.0317522	-0.04048645	-0.05997319	-0.06	
0.073	-0.02135039	-0.03612231	-0.03185767	-0.04054897	-0.05997425	-0.06	
0.07319999	-0.02151417	-0.03620629	-0.03196421	-0.04061221	-0.05997528	-0.06	
0.0734	-0.02167946	-0.03629117	-0.03207184	-0.04067617	-0.05997626	-0.06	
0.0736	-0.02184626	-0.03637696	-0.03218054	-0.04074084	-0.0599772	-0.06	
0.0738	-0.02201455	-0.03646363	-0.03229032	-0.04080623	-0.05997811	-0.06	
0.074	-0.02218433	-0.03655121	-0.03240117	-0.04087233	-0.05997897	-0.06	
0.0742	-0.02235559	-0.03663967	-0.03251309	-0.04093916	-0.0599798	-0.06	
0.0744	-0.02252831	-0.03672903	-0.03262606	-0.04100669	-0.0599806	-0.06	
0.0746	-0.02270248	-0.03681928	-0.0327401	-0.04107494	-0.05998137	-0.06	
0.0748	-0.0228781	-0.03691041	-0.03285519	-0.04114391	-0.05998211	-0.06	
0.075	-0.02305514	-0.03700243	-0.03297132	-0.04121359	-0.05998282	-0.06	
0.0752	-0.0232336	-0.03709532	-0.0330885	-0.04128399	-0.0599835	-0.06	
0.07539999	-0.02341348	-0.0371891	-0.03320672	-0.0413551	-0.05998415	-0.06	
0.0756	-0.02359473	-0.03728374	-0.03332596	-0.04142691	-0.05998478	-0.06	
0.0758	-0.02377737	-0.03737926	-0.03344623	-0.04149944	-0.05998538	-0.06	
0.076	-0.02396136	-0.03747565	-0.03356751	-0.04157266	-0.05998596	-0.06	
0.0762	-0.0241467	-0.03757289	-0.0336898	-0.04164659	-0.05998652	-0.06	
0.0764	-0.02433336	-0.03767098	-0.03381309	-0.04172122	-0.05998705	-0.06	
0.0766	-0.02452133	-0.03776993	-0.03393736	-0.04179655	-0.05998756	-0.06	
0.0768	-0.0247106	-0.03786972	-0.03406261	-0.04187257	-0.05998805	-0.06	
0.077	-0.02490114	-0.03797035	-0.03418884	-0.04194929	-0.05998852	-0.06	
0.0772	-0.02509293	-0.03807181	-0.03431603	-0.04202669	-0.05998898	-0.06	
0.0774	-0.02528596	-0.03817409	-0.03444417	-0.04210477	-0.05998942	-0.06	
0.07759999	-0.02548021	-0.03827719	-0.03457325	-0.04218353	-0.05998983	-0.06	
0.0778	-0.02567566	-0.0383811	-0.03470326	-0.04226297	-0.05999023	-0.06	
0.078	-0.02587227	-0.03848581	-0.03483419	-0.04234307	-0.05999062	-0.06	
0.0782	-0.02607004	-0.0385913	-0.03496602	-0.04242384	-0.05999099	-0.06	
0.0784	-0.02626894	-0.03869759	-0.03509875	-0.04250526	-0.05999134	-0.06	
0.0786	-0.02646894	-0.03880466	-0.03523235	-0.04258734	-0.05999169	-0.06	
0.0788	-0.02667003	-0.03891248	-0.03536683	-0.04267007	-0.05999202	-0.06	
0.079	-0.02687218	-0.03902107	-0.03550215	-0.04275344	-0.05999233	-0.06	
0.0792	-0.02707536	-0.03913041	-0.03563832	-0.04283744	-0.05999263	-0.06	
0.0794	-0.02727956	-0.03924048	-0.03577532	-0.04292207	-0.05999292	-0.06	
0.0796	-0.02748474	-0.03935128	-0.03591312	-0.04300733	-0.0599932	-0.06	
0.07979999	-0.02769088	-0.03946279	-0.03605172	-0.04309319	-0.05999347	-0.06	
0.08	-0.02789796	-0.03957501	-0.03619109	-0.04317966	-0.05999373	-0.06	
0.0802	-0.02810594	-0.03968792	-0.03633124	-0.04326674	-0.05999397	-0.06	
0.0804	-0.02831481	-0.03980151	-0.03647213	-0.0433544	-0.05999421	-0.06	
0.0806	-0.02852453	-0.03991577	-0.03661375	-0.04344264	-0.05999444	-0.06	
0.0808	-0.02873507	-0.04003069	-0.03675609	-0.04353146	-0.05999466	-0.06	
0.081	-0.0289464	-0.04014626	-0.03689913	-0.04362084	-0.05999487	-0.06	
0.0812	-0.02915851	-0.04026245	-0.03704285	-0.04371078	-0.05999507	-0.06	
0.0814	-0.02937136	-0.04037927	-0.03718723	-0.04380127	-0.05999526	-0.06	
0.0816	-0.02958491	-0.04049669	-0.03733226	-0.04389229	-0.05999545	-0.06	
0.0818	-0.02979915	-0.0406147	-0.03747791	-0.04398384	-0.05999563	-0.06	
0.08199999	-0.03001403	-0.04073329	-0.03762418	-0.04407591	-0.0599958	-0.06	
0.0822	-0.03022954	-0.04085243	-0.03777103	-0.04416849	-0.05999596	-0.06	
0.0824	-0.03044563	-0.04097214	-0.03791845	-0.04426156	-0.05999612	-0.06	
0.0826	-0.03066229	-0.04109237	-0.03806642	-0.04435512	-0.05999628	-0.06	
0.0828	-0.03087947	-0.04121312	-0.03821493	-0.04444916	-0.05999642	-0.06	
0.083	-0.03109714	-0.04133437	-0.03836394	-0.04454366	-0.05999656	-0.06	
0.0832	-0.03131529	-0.04145612	-0.03851344	-0.04463862	-0.0599967	-0.06	
0.0834	-0.03153386	-0.04157833	-0.03866342	-0.04473402	-0.05999682	-0.06	
0.0836	-0.03175284	-0.041701	-0.03881384	-0.04482985	-0.05999695	-0.06	
0.0838	-0.03197218	-0.04182412	-0.0389647	-0.04492609	-0.05999707	-0.06	
0.084	-0.03219187	-0.04194765	-0.03911595	-0.04502274	-0.05999719	-0.06	
0.08419999	-0.03241185	-0.04207159	-0.0392676	-0.04511979	-0.05999729	-0.06	
0.0844	-0.03263211	-0.04219592	-0.03941962	-0.04521722	-0.0599974	-0.06	
0.0846	-0.03285261	-0.04232062	-0.03957197	-0.04531501	-0.05999751	-0.06	
0.0848	-0.03307332	-0.04244569	-0.03972466	-0.04541317	-0.0599976	-0.06	
0.085	-0.0332942	-0.04257109	-0.03987763	-0.04551167	-0.0599977	-0.06	
0.0852	-0.03351523	-0.04269681	-0.0400309	-0.04561049	-0.05999779	-0.06	
0.0854	-0.03373636	-0.04282284	-0.04018441	-0.04570964	-0.05999788	-0.06	
0.0856	-0.03395757	-0.04294916	-0.04033816	-0.04580909	-0.05999796	-0.06	
0.0858	-0.03417882	-0.04307574	-0.04049212	-0.04590883	-0.05999804	-0.06	
0.086	-0.03440009	-0.04320258	-0.04064628	-0.04600885	-0.05999812	-0.06	
0.0862	-0.03462134	-0.04332965	-0.0408006	-0.04610913	-0.05999819	-0.06	
0.08639999	-0.03484253	-0.04345693	-0.04095508	-0.04620966	-0.05999826	-0.06	
0.0866	-0.03506364	-0.04358442	-0.04110967	-0.04631043	-0.05999833	-0.06	
0.08679999	-0.03528463	-0.04371209	-0.04126437	-0.04641141	-0.0599984	-0.06	
0.087	-0.03550547	-0.04383991	-0.04141914	-0.04651261	-0.05999846	-0.06	
0.0872	-0.03572613	-0.04396788	-0.04157398	-0.046614	-0.05999852	-0.06	
0.0874	-0.03594657	-0.04409597	-0.04172884	-0.04671557	-0.05999858	-0.06	
0.0876	-0.03616677	-0.04422417	-0.04188372	-0.0468173	-0.05999864	-0.06	
0.0878	-0.03638669	-0.04435246	-0.04203859	-0.04691917	-0.05999869	-0.06	
0.088	-0.03660631	-0.04448082	-0.04219342	-0.04702119	-0.05999874	-0.06	
0.0882	-0.03682559	-0.04460923	-0.0423482	-0.04712333	-0.05999879	-0.06	
0.0884	-0.0370445	-0.04473767	-0.04250291	-0.04722558	-0.05999884	-0.06	
0.08859999	-0.03726301	-0.04486613	-0.04265751	-0.04732791	-0.05999888	-0.06	
0.0888	-0.03748108	-0.04499459	-0.042812	-0.04743033	-0.05999893	-0.06	
0.08899999	-0.0376987	-0.04512303	-0.04296634	-0.04753281	-0.05999897	-0.06	
0.0892	-0.03791582	-0.04525142	-0.04312052	-0.04763534	-0.05999901	-0.06	
0.0894	-0.03813243	-0.04537975	-0.04327451	-0.0477379	-0.05999905	-0.06	
0.0896	-0.03834849	-0.04550802	-0.0434283	-0.04784048	-0.05999909	-0.06	
0.0898	-0.03856397	-0.04563618	-0.04358185	-0.04794306	-0.05999912	-0.06	
0.09	-0.03877885	-0.04576424	-0.04373517	-0.04804564	-0.05999916	-0.06	
0.0902	-0.03899309	-0.04589217	-0.0438882	-0.04814819	-0.05999919	-0.06	
0.0904	-0.03920667	-0.04601995	-0.04404095	-0.04825071	-0.05999922	-0.06	
0.0906	-0.03941956	-0.04614756	-0.04419339	-0.04835317	-0.05999925	-0.06	
0.09079999	-0.03963174	-0.04627499	-0.04434549	-0.04845557	-0.05999928	-0.06	
0.091	-0.03984318	-0.04640223	-0.04449724	-0.04855788	-0.05999931	-0.06	
0.09119999	-0.04005385	-0.04652924	-0.04464862	-0.0486601	-0.05999934	-0.06	
0.0914	-0.04026372	-0.04665603	-0.04479961	-0.04876221	-0.05999936	-0.06	
0.0916	-0.04047278	-0.04678256	-0.04495018	-0.04886419	-0.05999939	-0.06	
0.0918	-0.040681	-0.04690882	-0.04510033	-0.04896604	-0.05999941	-0.06	
0.092	-0.04088835	-0.0470348	-0.04525002	-0.04906774	-0.05999944	-0.06	
0.0922	-0.0410948	-0.04716048	-0.04539925	-0.04916926	-0.05999946	-0.06	
0.0924	-0.04130035	-0.04728585	-0.04554799	-0.04927062	-0.05999948	-0.06	
0.0926	-0.04150495	-0.04741088	-0.04569623	-0.04937178	-0.0599995	-0.06	
0.0928	-0.0417086	-0.04753556	-0.04584394	-0.04947273	-0.05999952	-0.06	
0.09299999	-0.04191126	-0.04765987	-0.04599111	-0.04957346	-0.05999954	-0.06	
0.0932	-0.04211292	-0.04778381	-0.04613772	-0.04967397	-0.05999956	-0.06	
0.09339999	-0.04231355	-0.04790735	-0.04628376	-0.04977422	-0.05999958	-0.06	
0.0936	-0.04251315	-0.04803049	-0.0464292	-0.04987422	-0.05999959	-0.06	
0.0938	-0.04271167	-0.04815319	-0.04657403	-0.04997395	-0.05999961	-0.06	
0.094	-0.04290911	-0.04827546	-0.04671825	-0.0500734	-0.05999962	-0.06	
0.0942	-0.04310545	-0.04839727	-0.04686182	-0.05017254	-0.05999964	-0.06	
0.0944	-0.04330067	-0.04851862	-0.04700473	-0.05027138	-0.05999965	-0.06	
0.0946	-0.04349475	-0.04863948	-0.04714698	-0.05036991	-0.05999967	-0.06	
0.0948	-0.04368768	-0.04875985	-0.04728854	-0.0504681	-0.05999968	-0.06	
0.095	-0.04387943	-0.04887971	-0.0474294	-0.05056594	-0.05999969	-0.06	
0.09519999	-0.04406999	-0.04899905	-0.04756954	-0.05066344	-0.0599997	-0.06	
0.0954	-0.04425935	-0.04911785	-0.04770896	-0.05076056	-0.05999972	-0.06	
0.09559999	-0.04444749	-0.0492361	-0.04784763	-0.05085731	-0.05999973	-0.06	
0.0958	-0.04463439	-0.0493538	-0.04798555	-0.05095367	-0.05999974	-0.06	
0.096	-0.04482004	-0.04947092	-0.0481227	-0.05104962	-0.05999975	-0.06	
0.0962	-0.04500443	-0.04958746	-0.04825906	-0.05114518	-0.05999976	-0.06	
0.0964	-0.04518756	-0.04970341	-0.04839464	-0.0512403	-0.05999977	-0.06	
0.0966	-0.04536938	-0.04981874	-0.04852941	-0.051335	-0.05999978	-0.06	
0.0968	-0.0455499	-0.04993346	-0.04866337	-0.05142926	-0.05999978	-0.06	
0.097	-0.04572912	-0.05004756	-0.0487965	-0.05152307	-0.05999979	-0.06	
0.0972	-0.04590701	-0.05016102	-0.04892879	-0.05161642	-0.0599998	-0.06	
0.09739999	-0.04608357	-0.05027382	-0.04906023	-0.0517093	-0.0599998	-0.06	
0.0976	-0.04625878	-0.05038597	-0.04919082	-0.0518017	-0.05999981	-0.06	
0.09779999	-0.04643264	-0.05049745	-0.04932053	-0.05189362	-0.05999982	-0.06	
0.098	-0.04660514	-0.05060825	-0.04944938	-0.05198504	-0.05999983	-0.06	
0.0982	-0.04677627	-0.05071837	-0.04957733	-0.05207596	-0.05999983	-0.06	
0.0984	-0.04694602	-0.05082779	-0.04970439	-0.05216636	-0.05999984	-0.06	
0.0986	-0.04711438	-0.05093651	-0.04983055	-0.05225625	-0.05999985	-0.06	
0.0988	-0.04728135	-0.05104452	-0.0499558	-0.05234561	-0.05999986	-0.06	
0.099	-0.04744691	-0.05115181	-0.05008013	-0.05243443	-0.05999986	-0.06	
0.0992	-0.04761108	-0.05125838	-0.05020354	-0.05252271	-0.05999987	-0.06	
0.0994	-0.04777383	-0.05136421	-0.05032601	-0.05261044	-0.05999987	-0.06	
0.09959999	-0.04793517	-0.05146929	-0.05044755	-0.05269762	-0.05999988	-0.06	
0.0998	-0.04809509	-0.05157364	-0.05056814	-0.05278423	-0.05999988	-0.06	
0.09999999	-0.04825358	-0.05167723	-0.05068778	-0.05287028	-0.05999988	-0.06	
