Time	Ie	
0	0	
0.002	0	
0.004	0	
0.006	0	
0.008	0	
0.01	0	
0.012	0	
0.014	0	
0.016	0	
0.018	0	
0.02	0	
0.022	0	
0.024	0	
0.026	0	
0.028	0	
0.03	0	
0.032	0	
0.034	0	
0.036	0	
0.038	0	
0.04	0	
0.042	0	
0.044	0	
0.046	0	
0.048	0	
0.05	0	
0.052	0	
0.054	0	
0.056	0	
0.058	0	
0.06	0	
0.062	0	
0.064	0	
0.066	0	
0.068	0	
0.07	0	
0.072	0	
0.074	0	
0.07600001	0	
0.078	0	
0.08000001	0	
0.082	0	
0.08400001	0	
0.086	0	
0.08800001	0	
0.09	0	
0.09200001	0	
0.094	0	
0.096	0	
0.098	0	
0.1	0	
0.102	0	
0.104	0	
0.106	0	
0.108	0	
0.11	0	
0.112	0	
0.114	0	
0.116	0	
0.118	0	
0.12	0	
0.122	0	
0.124	0	
0.126	0	
0.128	0	
0.13	0	
0.132	0	
0.134	0	
0.136	0	
0.138	0	
0.14	0	
0.142	0	
0.144	0	
0.146	0	
0.148	0	
0.15	0	
0.152	0	
0.154	0	
0.156	0	
0.158	0	
0.16	0	
0.162	0	
0.164	0	
0.166	0	
0.168	0	
0.17	0	
0.172	0	
0.174	0	
0.176	0	
0.178	0	
0.18	0	
0.182	0	
0.184	0	
0.186	0	
0.188	0	
0.19	0	
0.192	0	
0.194	0	
0.196	0	
0.198	0	
0.2	0	
0.202	0	
0.204	0	
0.206	0	
0.208	0	
0.21	0	
0.212	0	
0.214	0	
0.216	0	
0.218	0	
0.22	0	
0.222	0	
0.224	0	
0.226	0	
0.228	0	
0.23	0	
0.232	0	
0.234	0	
0.236	0	
0.238	0	
0.24	0	
0.242	0	
0.244	0	
0.246	0	
0.248	0	
0.25	0	
0.252	0	
0.254	0	
0.256	0	
0.258	0	
0.26	0	
0.262	0	
0.264	0	
0.266	0	
0.268	0	
0.27	0	
0.272	0	
0.274	0	
0.276	0	
0.278	0	
0.28	0	
0.282	0	
0.284	0	
0.286	0	
0.288	0	
0.29	0	
0.292	0	
0.294	0	
0.296	0	
0.298	0	
0.3	0	
0.302	0	
0.304	0	
0.306	0	
0.308	0	
0.31	0	
0.312	0	
0.314	0	
0.316	0	
0.318	0	
0.32	0	
0.322	0	
0.324	0	
0.326	0	
0.328	0	
0.33	0	
0.332	0	
0.334	0	
0.336	0	
0.338	0	
0.34	0	
0.342	0	
0.344	0	
0.346	0	
0.348	0	
0.35	0	
0.352	0	
0.354	0	
0.356	0	
0.358	0	
0.36	0	
0.362	0	
0.364	0	
0.366	0	
0.368	0	
0.37	0	
0.372	0	
0.374	0	
0.376	0	
0.378	0	
0.38	0	
0.382	0	
0.384	0	
0.386	0	
0.388	0	
0.39	0	
0.392	0	
0.394	0	
0.396	0	
0.398	0	
0.4	0	
0.402	0	
0.404	0	
0.406	0	
0.408	0	
0.41	0	
0.412	0	
0.414	0	
0.416	0	
0.418	0	
0.42	0	
0.422	0	
0.424	0	
0.426	0	
0.428	0	
0.43	0	
0.432	0	
0.434	0	
0.436	0	
0.438	0	
0.44	0	
0.442	0	
0.444	0	
0.446	0	
0.448	0	
0.45	0	
0.452	0	
0.454	0	
0.456	0	
0.458	0	
0.46	0	
0.462	0	
0.464	0	
0.466	0	
0.468	0	
0.47	0	
0.472	0	
0.474	0	
0.476	0	
0.478	0	
0.48	0	
0.482	0	
0.484	0	
0.486	0	
0.488	0	
0.49	0	
0.492	0	
0.494	0	
0.496	0	
0.498	0	
0.5	0	
0.502	0	
0.504	0	
0.506	0	
0.508	0	
0.5100001	0	
0.512	0	
0.514	0	
0.516	0	
0.518	0	
0.52	0	
0.522	0	
0.524	0	
0.526	0	
0.528	0	
0.53	0	
0.532	0	
0.534	0	
0.536	0	
0.538	0	
0.54	0	
0.5420001	0	
0.544	0	
0.546	0	
0.548	0	
0.55	0	
0.552	0	
0.554	0	
0.5560001	0	
0.558	0	
0.56	0	
0.562	0	
0.564	0	
0.566	0	
0.568	0	
0.5700001	0	
0.572	0	
0.574	0	
0.576	0	
0.578	0	
0.58	0	
0.582	0	
0.5840001	0	
0.586	0	
0.588	0	
0.59	0	
0.592	0	
0.594	0	
0.596	0	
0.598	0	
0.6	0	
0.6020001	0	
0.604	0	
0.606	0	
0.608	0	
0.61	0	
0.612	0	
0.614	0	
0.6160001	0	
0.618	0	
0.62	0	
0.622	0	
0.624	0	
0.626	0	
0.628	0	
0.6300001	0	
0.632	0	
0.634	0	
0.636	0	
0.638	0	
0.64	0	
0.642	0	
0.6440001	0	
0.646	0	
0.648	0	
0.65	0	
0.652	0	
0.654	0	
0.656	0	
0.6580001	0	
0.66	0	
0.6620001	0	
0.664	0	
0.666	0	
0.668	0	
0.67	0	
0.6720001	0	
0.674	0	
0.6760001	0	
0.678	0	
0.68	0	
0.682	0	
0.684	0	
0.686	0	
0.688	0	
0.6900001	0	
0.692	0	
0.694	0	
0.696	0	
0.698	0	
0.7	0	
0.702	0	
0.7040001	0	
0.706	0	
0.708	0	
0.71	0	
0.712	0	
0.714	0	
0.716	0	
0.7180001	0	
0.72	0	
0.7220001	0	
0.724	0	
0.726	0	
0.728	0	
0.73	0	
0.7320001	0	
0.734	0	
0.7360001	0	
0.738	0	
0.74	0	
0.742	0	
0.744	0	
0.7460001	0	
0.748	0	
0.7500001	0	
0.752	0	
0.754	0	
0.756	0	
0.758	0	
0.7600001	0	
0.762	0	
0.7640001	0	
0.766	0	
0.768	0	
0.77	0	
0.772	0	
0.774	0	
0.776	0	
0.7780001	0	
0.78	0	
0.7820001	0	
0.784	0	
0.786	0	
0.788	0	
0.79	0	
0.7920001	0	
0.794	0	
0.7960001	0	
0.798	0	
0.8	0	
0.802	0	
0.804	0	
0.8060001	0	
0.808	0	
0.8100001	0	
0.812	0	
0.814	0	
0.816	0	
0.818	0	
0.8200001	0	
0.822	0	
0.8240001	0	
0.826	0	
0.8280001	0	
0.83	0	
0.832	0	
0.8340001	0	
0.836	0	
0.8380001	0	
0.84	0	
0.8420001	0	
0.844	0	
0.846	0	
0.848	0	
0.85	0	
0.8520001	0	
0.854	0	
0.8560001	0	
0.858	0	
0.86	0	
0.862	0	
0.864	0	
0.8660001	0	
0.868	0	
0.8700001	0	
0.872	0	
0.874	0	
0.876	0	
0.878	0	
0.8800001	0	
0.882	0	
0.8840001	0	
0.886	0	
0.8880001	0	
0.89	0	
0.892	0	
0.8940001	0	
0.896	0	
0.8980001	0	
0.9	0	
0.9020001	0	
0.904	0	
0.906	0	
0.9080001	0	
0.91	0	
0.9120001	0	
0.914	0	
0.9160001	0	
0.918	0	
0.92	0	
0.9220001	0	
0.924	0	
0.9260001	0	
0.928	0	
0.9300001	0	
0.932	0	
0.934	0	
0.936	0	
0.938	0	
0.9400001	0	
0.942	0	
0.9440001	0	
0.946	0	
0.9480001	0	
0.95	0	
0.952	0	
0.9540001	0	
0.956	0	
0.9580001	0	
0.96	0	
0.9620001	0	
0.964	0	
0.966	0	
0.9680001	0	
0.97	0	
0.9720001	0	
0.974	0	
0.9760001	0	
0.978	0	
0.98	0	
0.9820001	0	
0.984	0	
0.9860001	0	
0.988	0	
0.9900001	0	
0.992	0	
0.994	0	
0.9960001	0	
0.998	0	
1	0	
1.002	1.999999E-20	
1.004	3.999989E-20	
1.006	5.999964E-20	
1.008	7.999914E-20	
1.01	9.999834E-20	
1.012	1.199971E-19	
1.014	1.399954E-19	
1.016	1.599932E-19	
1.018	1.799903E-19	
1.02	1.999867E-19	
1.022	2.199822E-19	
1.024	2.39977E-19	
1.026	2.599707E-19	
1.028	2.799634E-19	
1.03	2.99955E-19	
1.032	3.199454E-19	
1.034	3.399345E-19	
1.036	3.599223E-19	
1.038	3.799085E-19	
1.04	3.998933E-19	
1.042	4.198765E-19	
1.044	4.39858E-19	
1.046	4.598378E-19	
1.048	4.798157E-19	
1.05	4.997917E-19	
1.052	5.197657E-19	
1.054	5.397376E-19	
1.056	5.597073E-19	
1.058	5.796749E-19	
1.06	5.996401E-19	
1.062	6.196029E-19	
1.064	6.395632E-19	
1.066	6.595209E-19	
1.068	6.794761E-19	
1.07	6.994285E-19	
1.072	7.19378E-19	
1.074	7.393248E-19	
1.076	7.592686E-19	
1.078	7.792093E-19	
1.08	7.991469E-19	
1.082	8.190814E-19	
1.084	8.390125E-19	
1.086	8.589403E-19	
1.088	8.788646E-19	
1.09	8.987855E-19	
1.092	9.187028E-19	
1.094	9.386163E-19	
1.096	9.585261E-19	
1.098	9.784321E-19	
1.1	9.983342E-19	
1.102	1.018232E-18	
1.104	1.038126E-18	
1.106	1.058016E-18	
1.108	1.077902E-18	
1.11	1.097783E-18	
1.112	1.11766E-18	
1.114	1.137532E-18	
1.116	1.1574E-18	
1.118	1.177264E-18	
1.12	1.197122E-18	
1.122	1.216976E-18	
1.124	1.236825E-18	
1.126	1.256669E-18	
1.128	1.276508E-18	
1.13	1.296341E-18	
1.132	1.31617E-18	
1.134	1.335993E-18	
1.136	1.355811E-18	
1.138	1.375624E-18	
1.14	1.395431E-18	
1.142	1.415233E-18	
1.144	1.435028E-18	
1.146	1.454819E-18	
1.148	1.474603E-18	
1.15	1.494381E-18	
1.152	1.514154E-18	
1.154	1.53392E-18	
1.156	1.55368E-18	
1.158	1.573434E-18	
1.16	1.593182E-18	
1.162	1.612924E-18	
1.164	1.632658E-18	
1.166	1.652387E-18	
1.168	1.672108E-18	
1.17	1.691823E-18	
1.172	1.711532E-18	
1.174	1.731233E-18	
1.176	1.750928E-18	
1.178	1.770615E-18	
1.18	1.790296E-18	
1.182	1.809969E-18	
1.184	1.829635E-18	
1.186	1.849294E-18	
1.188	1.868945E-18	
1.19	1.888589E-18	
1.192	1.908225E-18	
1.194	1.927854E-18	
1.196	1.947475E-18	
1.198	1.967088E-18	
1.2	1.986693E-18	
1.202	2.006291E-18	
1.204	2.02588E-18	
1.206	2.045461E-18	
1.208	2.065034E-18	
1.21	2.084599E-18	
1.212	2.104156E-18	
1.214	2.123704E-18	
1.216	2.143243E-18	
1.218	2.162774E-18	
1.22	2.182296E-18	
1.222	2.20181E-18	
1.224	2.221315E-18	
1.226	2.24081E-18	
1.228	2.260297E-18	
1.23	2.279775E-18	
1.232	2.299244E-18	
1.234	2.318703E-18	
1.236	2.338154E-18	
1.238	2.357595E-18	
1.24	2.377026E-18	
1.242	2.396448E-18	
1.244	2.415861E-18	
1.246	2.435263E-18	
1.248	2.454656E-18	
1.25	2.47404E-18	
1.252	2.493413E-18	
1.254	2.512776E-18	
1.256	2.532129E-18	
1.258	2.551473E-18	
1.26	2.570806E-18	
1.262	2.590128E-18	
1.264	2.609441E-18	
1.266	2.628742E-18	
1.268	2.648034E-18	
1.27	2.667314E-18	
1.272	2.686585E-18	
1.274	2.705844E-18	
1.276	2.725092E-18	
1.278	2.74433E-18	
1.28	2.763556E-18	
1.282	2.782772E-18	
1.284	2.801977E-18	
1.286	2.82117E-18	
1.288	2.840352E-18	
1.29	2.859522E-18	
1.292	2.878681E-18	
1.294	2.897829E-18	
1.296	2.916965E-18	
1.298	2.936089E-18	
1.3	2.955202E-18	
1.302	2.974303E-18	
1.304	2.993392E-18	
1.306	3.012469E-18	
1.308	3.031534E-18	
1.31	3.050586E-18	
1.312	3.069627E-18	
1.314	3.088655E-18	
1.316	3.107671E-18	
1.318	3.126675E-18	
1.32	3.145666E-18	
1.322	3.164644E-18	
1.324	3.18361E-18	
1.326	3.202563E-18	
1.328	3.221503E-18	
1.33	3.24043E-18	
1.332	3.259345E-18	
1.334	3.278246E-18	
1.336	3.297134E-18	
1.338	3.316009E-18	
1.34	3.334871E-18	
1.342	3.353719E-18	
1.344	3.372554E-18	
1.346	3.391376E-18	
1.348	3.410184E-18	
1.35	3.428978E-18	
1.352	3.447759E-18	
1.354	3.466526E-18	
1.356	3.485278E-18	
1.358	3.504017E-18	
1.36	3.522742E-18	
1.362	3.541453E-18	
1.364	3.56015E-18	
1.366	3.578832E-18	
1.368	3.597501E-18	
1.37	3.616154E-18	
1.372	3.634794E-18	
1.374	3.653419E-18	
1.376	3.672028E-18	
1.378	3.690624E-18	
1.38	3.709205E-18	
1.382	3.72777E-18	
1.384	3.746322E-18	
1.386	3.764857E-18	
1.388	3.783379E-18	
1.39	3.801884E-18	
1.392	3.820375E-18	
1.394	3.83885E-18	
1.396	3.85731E-18	
1.398	3.875754E-18	
1.4	3.894184E-18	
1.402	3.912597E-18	
1.404	3.930995E-18	
1.406	3.949377E-18	
1.408	3.967743E-18	
1.41	3.986093E-18	
1.412	4.004428E-18	
1.414	4.022746E-18	
1.416	4.041048E-18	
1.418	4.059335E-18	
1.42	4.077605E-18	
1.422	4.095858E-18	
1.424	4.114095E-18	
1.426	4.132316E-18	
1.428	4.15052E-18	
1.43	4.168708E-18	
1.432	4.186879E-18	
1.434	4.205033E-18	
1.436	4.223171E-18	
1.438	4.241291E-18	
1.44	4.259395E-18	
1.442	4.277481E-18	
1.444	4.295551E-18	
1.446	4.313603E-18	
1.448	4.331638E-18	
1.45	4.349655E-18	
1.452	4.367655E-18	
1.454	4.385638E-18	
1.456	4.403604E-18	
1.458	4.421551E-18	
1.46	4.439481E-18	
1.462	4.457393E-18	
1.464	4.475288E-18	
1.466	4.493164E-18	
1.468	4.511022E-18	
1.47	4.528863E-18	
1.472	4.546685E-18	
1.474	4.564489E-18	
1.476	4.582275E-18	
1.478	4.600042E-18	
1.48	4.617792E-18	
1.482	4.635522E-18	
1.484	4.653235E-18	
1.486	4.670928E-18	
1.488	4.688603E-18	
1.49	4.706259E-18	
1.492	4.723896E-18	
1.494	4.741514E-18	
1.496	4.759114E-18	
1.498	4.776694E-18	
1.5	4.794255E-18	
1.502	4.811798E-18	
1.504	4.82932E-18	
1.506	4.846824E-18	
1.508	4.864308E-18	
1.51	4.881772E-18	
1.512	4.899217E-18	
1.514	4.916643E-18	
1.516	4.934049E-18	
1.518	4.951435E-18	
1.52	4.968802E-18	
1.522	4.986148E-18	
1.524	5.003474E-18	
1.526	5.020781E-18	
1.528	5.038067E-18	
1.53	5.055333E-18	
1.532	5.072579E-18	
1.534	5.089805E-18	
1.536	5.10701E-18	
1.538	5.124195E-18	
1.54	5.14136E-18	
1.542	5.158504E-18	
1.544	5.175627E-18	
1.546	5.19273E-18	
1.548	5.209811E-18	
1.55	5.226872E-18	
1.552	5.243912E-18	
1.554	5.260931E-18	
1.556	5.277929E-18	
1.558	5.294906E-18	
1.56	5.311862E-18	
1.562	5.328796E-18	
1.564	5.34571E-18	
1.566	5.362602E-18	
1.568	5.379472E-18	
1.57	5.39632E-18	
1.572	5.413148E-18	
1.574	5.429954E-18	
1.576	5.446737E-18	
1.578	5.463499E-18	
1.58	5.480239E-18	
1.582	5.496958E-18	
1.584	5.513654E-18	
1.586	5.530328E-18	
1.588	5.54698E-18	
1.59	5.56361E-18	
1.592	5.580218E-18	
1.594	5.596803E-18	
1.596	5.613366E-18	
1.598	5.629907E-18	
1.6	5.646425E-18	
1.602	5.66292E-18	
1.604	5.679393E-18	
1.606	5.695843E-18	
1.608	5.71227E-18	
1.61	5.728674E-18	
1.612	5.745056E-18	
1.614	5.761414E-18	
1.616	5.77775E-18	
1.618	5.794063E-18	
1.62	5.810352E-18	
1.622	5.826617E-18	
1.624	5.84286E-18	
1.626	5.85908E-18	
1.628	5.875275E-18	
1.63	5.891448E-18	
1.632	5.907596E-18	
1.634	5.923722E-18	
1.636	5.939823E-18	
1.638	5.955901E-18	
1.64	5.971955E-18	
1.642	5.987984E-18	
1.644	6.00399E-18	
1.646	6.019972E-18	
1.648	6.03593E-18	
1.65	6.051864E-18	
1.652	6.067774E-18	
1.654	6.083659E-18	
1.656	6.09952E-18	
1.658	6.115356E-18	
1.66	6.131169E-18	
1.662	6.146956E-18	
1.664	6.162719E-18	
1.666	6.178457E-18	
1.668	6.194171E-18	
1.67	6.20986E-18	
1.672	6.225524E-18	
1.674	6.241163E-18	
1.676	6.256777E-18	
1.678	6.272366E-18	
1.68	6.28793E-18	
1.682	6.303469E-18	
1.684	6.318983E-18	
1.686	6.334471E-18	
1.688	6.349934E-18	
1.69	6.365372E-18	
1.692	6.380784E-18	
1.694	6.396171E-18	
1.696	6.411532E-18	
1.698	6.426867E-18	
1.7	6.442177E-18	
1.702	6.457461E-18	
1.704	6.472719E-18	
1.706	6.487951E-18	
1.708	6.503157E-18	
1.71	6.518338E-18	
1.712	6.533492E-18	
1.714	6.54862E-18	
1.716	6.563722E-18	
1.718	6.578797E-18	
1.72	6.593847E-18	
1.722	6.60887E-18	
1.724	6.623866E-18	
1.726	6.638836E-18	
1.728	6.65378E-18	
1.73	6.668696E-18	
1.732	6.683587E-18	
1.734	6.69845E-18	
1.736	6.713286E-18	
1.738	6.728096E-18	
1.74	6.742879E-18	
1.742	6.757635E-18	
1.744	6.772364E-18	
1.746	6.787066E-18	
1.748	6.80174E-18	
1.75	6.816388E-18	
1.752	6.831008E-18	
1.754	6.8456E-18	
1.756	6.860166E-18	
1.758	6.874704E-18	
1.76	6.889215E-18	
1.762	6.903697E-18	
1.764	6.918153E-18	
1.766	6.93258E-18	
1.768	6.94698E-18	
1.77	6.961353E-18	
1.772	6.975697E-18	
1.774	6.990013E-18	
1.776	7.004302E-18	
1.778	7.018561E-18	
1.78	7.032795E-18	
1.782	7.046998E-18	
1.784	7.061174E-18	
1.786	7.075322E-18	
1.788	7.089442E-18	
1.79	7.103533E-18	
1.792	7.117596E-18	
1.794	7.131629E-18	
1.796	7.145635E-18	
1.798	7.159612E-18	
1.8	7.173561E-18	
1.802	7.187481E-18	
1.804	7.201372E-18	
1.806	7.215233E-18	
1.808	7.229067E-18	
1.81	7.242872E-18	
1.812	7.256647E-18	
1.814	7.270394E-18	
1.816	7.284111E-18	
1.818	7.297799E-18	
1.82	7.311458E-18	
1.822	7.325088E-18	
1.824	7.338688E-18	
1.826	7.35226E-18	
1.828	7.365801E-18	
1.83	7.379314E-18	
1.832	7.392797E-18	
1.834	7.40625E-18	
1.836	7.419674E-18	
1.838	7.433067E-18	
1.84	7.446431E-18	
1.842	7.459765E-18	
1.844	7.47307E-18	
1.846	7.486345E-18	
1.848	7.499589E-18	
1.85	7.512803E-18	
1.852	7.525989E-18	
1.854	7.539143E-18	
1.856	7.552267E-18	
1.858	7.565362E-18	
1.86	7.578426E-18	
1.862	7.591459E-18	
1.864	7.604462E-18	
1.866	7.617436E-18	
1.868	7.630377E-18	
1.87	7.643289E-18	
1.872	7.656171E-18	
1.874	7.669021E-18	
1.876	7.681841E-18	
1.878	7.694631E-18	
1.88	7.707389E-18	
1.882	7.720116E-18	
1.884	7.732814E-18	
1.886	7.745479E-18	
1.888	7.758113E-18	
1.89	7.770717E-18	
1.892	7.783291E-18	
1.894	7.795832E-18	
1.896	7.808343E-18	
1.898	7.820821E-18	
1.9	7.833269E-18	
1.902	7.845686E-18	
1.904	7.85807E-18	
1.906	7.870424E-18	
1.908	7.882747E-18	
1.91	7.895038E-18	
1.912	7.907296E-18	
1.914	7.919524E-18	
1.916	7.93172E-18	
1.918	7.943884E-18	
1.92	7.956017E-18	
1.922	7.968117E-18	
1.924	7.980185E-18	
1.926	7.992222E-18	
1.928	8.004226E-18	
1.93	8.016199E-18	
1.932	8.02814E-18	
1.934	8.040048E-18	
1.936	8.051925E-18	
1.938	8.063769E-18	
1.94	8.075581E-18	
1.942	8.087361E-18	
1.944	8.099108E-18	
1.946	8.110823E-18	
1.948	8.122505E-18	
1.95	8.134155E-18	
1.952	8.145772E-18	
1.954	8.157357E-18	
1.956	8.168909E-18	
1.958	8.180429E-18	
1.96	8.191915E-18	
1.962	8.203369E-18	
1.964	8.21479E-18	
1.966	8.226179E-18	
1.968	8.237534E-18	
1.97	8.248857E-18	
1.972	8.260146E-18	
1.974	8.271403E-18	
1.976	8.282626E-18	
1.978	8.293817E-18	
1.98	8.304974E-18	
1.982	8.316098E-18	
1.984	8.327188E-18	
1.986	8.338245E-18	
1.988	8.349269E-18	
1.99	8.36026E-18	
1.992	8.371217E-18	
1.994	8.38214E-18	
1.996	8.39303E-18	
1.998	8.403887E-18	
2	8.41471E-18	
2.002	8.4255E-18	
2.004	8.436255E-18	
2.006	8.446977E-18	
2.008	8.457664E-18	
2.01	8.468319E-18	
2.012	8.478939E-18	
2.014	8.489525E-18	
2.016	8.500077E-18	
2.018	8.510596E-18	
2.02	8.521079E-18	
2.022	8.53153E-18	
2.024	8.541947E-18	
2.026	8.552329E-18	
2.028	8.562677E-18	
2.03	8.57299E-18	
2.032	8.583269E-18	
2.034	8.593514E-18	
2.036	8.603725E-18	
2.038	8.613901E-18	
2.04	8.624042E-18	
2.042	8.634149E-18	
2.044	8.644222E-18	
2.046	8.654261E-18	
2.048	8.664263E-18	
2.05	8.674232E-18	
2.052	8.684166E-18	
2.054	8.694066E-18	
2.056	8.70393E-18	
2.058	8.71376E-18	
2.06	8.723555E-18	
2.062	8.733314E-18	
2.064	8.74304E-18	
2.066	8.75273E-18	
2.068	8.762385E-18	
2.07	8.772006E-18	
2.072	8.781589E-18	
2.074	8.791139E-18	
2.076	8.800654E-18	
2.078	8.810134E-18	
2.08	8.819578E-18	
2.082	8.828988E-18	
2.084	8.83836E-18	
2.086	8.847698E-18	
2.088	8.857002E-18	
2.09	8.866269E-18	
2.092	8.875502E-18	
2.094	8.884697E-18	
2.096	8.893858E-18	
2.098	8.902984E-18	
2.1	8.912074E-18	
2.102	8.921128E-18	
2.104	8.930147E-18	
2.106	8.939128E-18	
2.108	8.948076E-18	
2.11	8.956987E-18	
2.112	8.965862E-18	
2.114	8.974702E-18	
2.116	8.983506E-18	
2.118	8.992273E-18	
2.12	9.001005E-18	
2.122	9.0097E-18	
2.124	9.01836E-18	
2.126	9.026984E-18	
2.128	9.03557E-18	
2.13	9.044122E-18	
2.132	9.052636E-18	
2.134	9.061116E-18	
2.136	9.069558E-18	
2.138	9.077965E-18	
2.14	9.086335E-18	
2.142	9.094669E-18	
2.144	9.102966E-18	
2.146	9.111227E-18	
2.148	9.119451E-18	
2.15	9.127639E-18	
2.152	9.13579E-18	
2.154	9.143906E-18	
2.156	9.151984E-18	
2.158	9.160025E-18	
2.16	9.168031E-18	
2.162	9.176E-18	
2.164	9.183931E-18	
2.166	9.191826E-18	
2.168	9.199684E-18	
2.17	9.207506E-18	
2.172	9.215291E-18	
2.174	9.223038E-18	
2.176	9.230749E-18	
2.178	9.238424E-18	
2.18	9.24606E-18	
2.182	9.25366E-18	
2.184	9.261222E-18	
2.186	9.268749E-18	
2.188	9.276237E-18	
2.19	9.28369E-18	
2.192	9.291104E-18	
2.194	9.298482E-18	
2.196	9.305822E-18	
2.198	9.313126E-18	
2.2	9.320391E-18	
2.202	9.327619E-18	
2.204	9.33481E-18	
2.206	9.341964E-18	
2.208	9.349081E-18	
2.21	9.35616E-18	
2.212	9.363201E-18	
2.214	9.370206E-18	
2.216	9.377173E-18	
2.218	9.384102E-18	
2.22	9.390994E-18	
2.222	9.397848E-18	
2.224	9.404665E-18	
2.226	9.411443E-18	
2.228	9.418184E-18	
2.23	9.424888E-18	
2.232	9.431554E-18	
2.234	9.438182E-18	
2.236	9.444772E-18	
2.238	9.451325E-18	
2.24	9.45784E-18	
2.242	9.464318E-18	
2.244	9.470756E-18	
2.246	9.477158E-18	
2.248	9.483521E-18	
2.25	9.489846E-18	
2.252	9.496134E-18	
2.254	9.502383E-18	
2.256	9.508595E-18	
2.258	9.514767E-18	
2.26	9.520903E-18	
2.262	9.527001E-18	
2.264	9.53306E-18	
2.266	9.539081E-18	
2.268	9.545064E-18	
2.27	9.551009E-18	
2.272	9.556916E-18	
2.274	9.562784E-18	
2.276	9.568614E-18	
2.278	9.574405E-18	
2.28	9.580159E-18	
2.282	9.585874E-18	
2.284	9.59155E-18	
2.286	9.597189E-18	
2.288	9.602789E-18	
2.29	9.60835E-18	
2.292	9.613874E-18	
2.294	9.619359E-18	
2.296	9.624805E-18	
2.298	9.630212E-18	
2.3	9.635582E-18	
2.302	9.640913E-18	
2.304	9.646205E-18	
2.306	9.651458E-18	
2.308	9.656673E-18	
2.31	9.661849E-18	
2.312	9.666987E-18	
2.314	9.672086E-18	
2.316	9.677146E-18	
2.318	9.682168E-18	
2.32	9.687151E-18	
2.322	9.692095E-18	
2.324	9.697E-18	
2.326	9.701867E-18	
2.328	9.706695E-18	
2.33	9.711484E-18	
2.332	9.716234E-18	
2.334	9.720945E-18	
2.336	9.725617E-18	
2.338	9.730251E-18	
2.34	9.734845E-18	
2.342	9.739402E-18	
2.344	9.743918E-18	
2.346	9.748395E-18	
2.348	9.752834E-18	
2.35	9.757233E-18	
2.352	9.761594E-18	
2.354	9.765916E-18	
2.356	9.770198E-18	
2.358	9.774442E-18	
2.36	9.778646E-18	
2.362	9.782811E-18	
2.364	9.786937E-18	
2.366	9.791024E-18	
2.368	9.795072E-18	
2.37	9.799081E-18	
2.372	9.80305E-18	
2.374	9.80698E-18	
2.376	9.810872E-18	
2.378	9.814723E-18	
2.38	9.818535E-18	
2.382	9.822308E-18	
2.384	9.826042E-18	
2.386	9.829737E-18	
2.388	9.833392E-18	
2.39	9.837009E-18	
2.392	9.840584E-18	
2.394	9.844122E-18	
2.396	9.84762E-18	
2.398	9.851078E-18	
2.4	9.854498E-18	
2.402	9.857877E-18	
2.404	9.861217E-18	
2.406	9.864518E-18	
2.408	9.867779E-18	
2.41	9.871001E-18	
2.412	9.874183E-18	
2.414	9.877326E-18	
2.416	9.88043E-18	
2.418	9.883493E-18	
2.42	9.886517E-18	
2.422	9.889503E-18	
2.424	9.892448E-18	
2.426	9.895353E-18	
2.428	9.898219E-18	
2.43	9.901045E-18	
2.432	9.903833E-18	
2.434	9.90658E-18	
2.436	9.909288E-18	
2.438	9.911955E-18	
2.44	9.914584E-18	
2.442	9.917172E-18	
2.444	9.919721E-18	
2.446	9.92223E-18	
2.448	9.9247E-18	
2.45	9.92713E-18	
2.452	9.92952E-18	
2.454	9.931871E-18	
2.456	9.934181E-18	
2.458	9.936453E-18	
2.46	9.938683E-18	
2.462	9.940875E-18	
2.464	9.943027E-18	
2.466	9.945139E-18	
2.468	9.947211E-18	
2.47	9.949243E-18	
2.472	9.951236E-18	
2.474	9.953189E-18	
2.476	9.955101E-18	
2.478	9.956975E-18	
2.48	9.958809E-18	
2.482	9.960602E-18	
2.484	9.962356E-18	
2.486	9.96407E-18	
2.488	9.965744E-18	
2.49	9.967377E-18	
2.492	9.968971E-18	
2.494	9.970526E-18	
2.496	9.972041E-18	
2.498	9.973515E-18	
2.5	9.97495E-18	
2.502	9.976345E-18	
2.504	9.9777E-18	
2.506	9.979015E-18	
2.508	9.98029E-18	
2.51	9.981525E-18	
2.512	9.982719E-18	
2.514	9.983875E-18	
2.516	9.984991E-18	
2.518	9.986066E-18	
2.52	9.987102E-18	
2.522	9.988097E-18	
2.524	9.989052E-18	
2.526	9.989968E-18	
2.528	9.990844E-18	
2.53	9.991679E-18	
2.532	9.992475E-18	
2.534	9.993231E-18	
2.536	9.993947E-18	
2.538	9.994623E-18	
2.54	9.995258E-18	
2.542	9.995854E-18	
2.544	9.99641E-18	
2.546	9.996926E-18	
2.548	9.997402E-18	
2.55	9.997838E-18	
2.552	9.998233E-18	
2.554	9.998589E-18	
2.556	9.998905E-18	
2.558	9.999181E-18	
2.56	9.999418E-18	
2.562	9.999613E-18	
2.564	9.999769E-18	
2.566	9.999886E-18	
2.568	9.999961E-18	
2.57	9.999997E-18	
2.572	9.999993E-18	
2.574	9.999949E-18	
2.576	9.999865E-18	
2.578	9.999741E-18	
2.58	9.999576E-18	
2.582	9.999372E-18	
2.584	9.999129E-18	
2.586	9.998844E-18	
2.588	9.99852E-18	
2.59	9.998156E-18	
2.592	9.997752E-18	
2.594	9.997308E-18	
2.596	9.996823E-18	
2.598	9.9963E-18	
2.6	9.995736E-18	
2.602	9.995132E-18	
2.604	9.994488E-18	
2.606	9.993804E-18	
2.608	9.99308E-18	
2.61	9.992316E-18	
2.612	9.991512E-18	
2.614	9.990668E-18	
2.616	9.989785E-18	
2.618	9.988861E-18	
2.62	9.987897E-18	
2.622	9.986894E-18	
2.624	9.98585E-18	
2.626	9.984766E-18	
2.628	9.983643E-18	
2.63	9.982479E-18	
2.632	9.981277E-18	
2.634	9.980033E-18	
2.636	9.97875E-18	
2.638	9.977427E-18	
2.64	9.976064E-18	
2.642	9.974661E-18	
2.644	9.973218E-18	
2.646	9.971735E-18	
2.648	9.970213E-18	
2.65	9.96865E-18	
2.652	9.967047E-18	
2.654	9.965405E-18	
2.656	9.963724E-18	
2.658	9.962002E-18	
2.66	9.96024E-18	
2.662	9.958438E-18	
2.664	9.956597E-18	
2.666	9.954715E-18	
2.668	9.952794E-18	
2.67	9.950834E-18	
2.672	9.948833E-18	
2.674	9.946791E-18	
2.676	9.944712E-18	
2.678	9.942592E-18	
2.68	9.940431E-18	
2.682	9.938233E-18	
2.684	9.935993E-18	
2.686	9.933715E-18	
2.688	9.931395E-18	
2.69	9.929036E-18	
2.692	9.926638E-18	
2.694	9.9242E-18	
2.696	9.921722E-18	
2.698	9.919205E-18	
2.7	9.916648E-18	
2.702	9.914052E-18	
2.704	9.911415E-18	
2.706	9.908739E-18	
2.708	9.906024E-18	
2.71	9.903269E-18	
2.712	9.900473E-18	
2.714	9.897638E-18	
2.716	9.894764E-18	
2.718	9.891851E-18	
2.72	9.888898E-18	
2.722	9.885904E-18	
2.724	9.882872E-18	
2.726	9.879801E-18	
2.728	9.87669E-18	
2.73	9.873539E-18	
2.732	9.870348E-18	
2.734	9.867117E-18	
2.736	9.863848E-18	
2.738	9.86054E-18	
2.74	9.857191E-18	
2.742	9.853804E-18	
2.744	9.850378E-18	
2.746	9.846911E-18	
2.748	9.843405E-18	
2.75	9.839859E-18	
2.752	9.836275E-18	
2.754	9.832651E-18	
2.756	9.828988E-18	
2.758	9.825285E-18	
2.76	9.821544E-18	
2.762	9.817762E-18	
2.764	9.813941E-18	
2.766	9.810082E-18	
2.768	9.806182E-18	
2.77	9.802244E-18	
2.772	9.798267E-18	
2.774	9.794251E-18	
2.776	9.790195E-18	
2.778	9.7861E-18	
2.78	9.781967E-18	
2.782	9.777793E-18	
2.784	9.77358E-18	
2.786	9.769329E-18	
2.788	9.765038E-18	
2.79	9.76071E-18	
2.792	9.756341E-18	
2.794	9.751933E-18	
2.796	9.747486E-18	
2.798	9.743001E-18	
2.8	9.738477E-18	
2.802	9.733913E-18	
2.804	9.729311E-18	
2.806	9.724669E-18	
2.808	9.719988E-18	
2.81	9.715269E-18	
2.812	9.710511E-18	
2.814	9.705715E-18	
2.816	9.700879E-18	
2.818	9.696005E-18	
2.82	9.691092E-18	
2.822	9.686139E-18	
2.824	9.681148E-18	
2.826	9.676119E-18	
2.828	9.671051E-18	
2.83	9.665944E-18	
2.832	9.660799E-18	
2.834	9.655614E-18	
2.836	9.650392E-18	
2.838	9.64513E-18	
2.84	9.639831E-18	
2.842	9.634491E-18	
2.844	9.629114E-18	
2.846	9.623698E-18	
2.848	9.618245E-18	
2.85	9.612753E-18	
2.852	9.607221E-18	
2.854	9.601652E-18	
2.856	9.596044E-18	
2.858	9.590398E-18	
2.86	9.584713E-18	
2.862	9.57899E-18	
2.864	9.573228E-18	
2.866	9.567428E-18	
2.868	9.561592E-18	
2.87	9.555715E-18	
2.872	9.549801E-18	
2.874	9.543849E-18	
2.876	9.537857E-18	
2.878	9.531829E-18	
2.88	9.525761E-18	
2.882	9.519657E-18	
2.884	9.513513E-18	
2.886	9.507333E-18	
2.888	9.501114E-18	
2.89	9.494856E-18	
2.892	9.488561E-18	
2.894	9.482228E-18	
2.896	9.475857E-18	
2.898	9.469448E-18	
2.9	9.463001E-18	
2.902	9.456517E-18	
2.904	9.449993E-18	
2.906	9.443434E-18	
2.908	9.436835E-18	
2.91	9.4302E-18	
2.912	9.423526E-18	
2.914	9.416815E-18	
2.916	9.410065E-18	
2.918	9.403279E-18	
2.92	9.396455E-18	
2.922	9.389593E-18	
2.924	9.382694E-18	
2.926	9.375757E-18	
2.928	9.368782E-18	
2.93	9.361771E-18	
2.932	9.354721E-18	
2.934	9.347635E-18	
2.936	9.34051E-18	
2.938	9.333349E-18	
2.94	9.32615E-18	
2.942	9.318913E-18	
2.944	9.31164E-18	
2.946	9.304329E-18	
2.948	9.296982E-18	
2.95	9.289597E-18	
2.952	9.282175E-18	
2.954	9.274715E-18	
2.956	9.267219E-18	
2.958	9.259686E-18	
2.96	9.252115E-18	
2.962	9.244508E-18	
2.964	9.236863E-18	
2.966	9.229182E-18	
2.968	9.221463E-18	
2.97	9.213708E-18	
2.972	9.205916E-18	
2.974	9.198087E-18	
2.976	9.190221E-18	
2.978	9.182319E-18	
2.98	9.174379E-18	
2.982	9.166404E-18	
2.984	9.158392E-18	
2.986	9.150341E-18	
2.988	9.142256E-18	
2.99	9.134134E-18	
2.992	9.125974E-18	
2.994	9.117779E-18	
2.996	9.109548E-18	
2.998	9.101279E-18	
3	9.092974E-18	
3.002	9.084634E-18	
3.004	9.076255E-18	
3.006	9.067842E-18	
3.008	9.059391E-18	
3.01	9.050906E-18	
3.012	9.042383E-18	
3.014	9.033825E-18	
3.016	9.02523E-18	
3.018	9.016599E-18	
3.02	9.007932E-18	
3.022	8.999229E-18	
3.024	8.99049E-18	
3.026	8.981715E-18	
3.028	8.972905E-18	
3.03	8.964057E-18	
3.032	8.955175E-18	
3.034	8.946256E-18	
3.036	8.937303E-18	
3.038	8.928312E-18	
3.04	8.919287E-18	
3.042	8.910226E-18	
3.044	8.901128E-18	
3.046	8.891996E-18	
3.048	8.882828E-18	
3.05	8.873624E-18	
3.052	8.864385E-18	
3.054	8.85511E-18	
3.056	8.8458E-18	
3.058	8.836455E-18	
3.06	8.827073E-18	
3.062	8.817658E-18	
3.064	8.808205E-18	
3.066	8.798719E-18	
3.068	8.789198E-18	
3.07	8.779641E-18	
3.072	8.770048E-18	
3.074	8.760422E-18	
3.076	8.750759E-18	
3.078	8.741062E-18	
3.08	8.73133E-18	
3.082	8.721563E-18	
3.084	8.711761E-18	
3.086	8.701924E-18	
3.088	8.692053E-18	
3.09	8.682146E-18	
3.092	8.672205E-18	
3.094	8.662229E-18	
3.096	8.652218E-18	
3.098	8.642173E-18	
3.1	8.632093E-18	
3.102	8.62198E-18	
3.104	8.611831E-18	
3.106	8.601648E-18	
3.108	8.59143E-18	
3.11	8.581178E-18	
3.112	8.570892E-18	
3.114	8.560572E-18	
3.116	8.550217E-18	
3.118	8.539828E-18	
3.12	8.529405E-18	
3.122	8.518947E-18	
3.124	8.508456E-18	
3.126	8.497931E-18	
3.128	8.487372E-18	
3.13	8.476778E-18	
3.132	8.466151E-18	
3.134	8.455491E-18	
3.136	8.444795E-18	
3.138	8.434067E-18	
3.14	8.423305E-18	
3.142	8.412508E-18	
3.144	8.401678E-18	
3.146	8.390815E-18	
3.148	8.379918E-18	
3.15	8.368988E-18	
3.152	8.358024E-18	
3.154	8.347027E-18	
3.156	8.335996E-18	
3.158	8.324932E-18	
3.16	8.313835E-18	
3.162	8.302705E-18	
3.164	8.29154E-18	
3.166	8.280343E-18	
3.168	8.269114E-18	
3.17	8.257849E-18	
3.172	8.246554E-18	
3.174	8.235225E-18	
3.176	8.223863E-18	
3.178	8.212467E-18	
3.18	8.20104E-18	
3.182	8.189579E-18	
3.184	8.178086E-18	
3.186	8.166559E-18	
3.188	8.155E-18	
3.19	8.143409E-18	
3.192	8.131785E-18	
3.194	8.120128E-18	
3.196	8.10844E-18	
3.198	8.096718E-18	
3.2	8.084964E-18	
3.202	8.073178E-18	
3.204	8.06136E-18	
3.206	8.049509E-18	
3.208	8.037626E-18	
3.21	8.025711E-18	
3.212	8.013764E-18	
3.214	8.001784E-18	
3.216	7.989773E-18	
3.218	7.977729E-18	
3.22	7.965655E-18	
3.222	7.953548E-18	
3.224	7.94141E-18	
3.226	7.929238E-18	
3.228	7.917036E-18	
3.23	7.904802E-18	
3.232	7.892536E-18	
3.234	7.88024E-18	
3.236	7.86791E-18	
3.238	7.855551E-18	
3.24	7.843159E-18	
3.242	7.830736E-18	
3.244	7.818282E-18	
3.246	7.805797E-18	
3.248	7.79328E-18	
3.25	7.780731E-18	
3.252	7.768153E-18	
3.254	7.755543E-18	
3.256	7.742901E-18	
3.258	7.730229E-18	
3.26	7.717527E-18	
3.262	7.704792E-18	
3.264	7.692029E-18	
3.266	7.679232E-18	
3.268	7.666406E-18	
3.27	7.65355E-18	
3.272	7.640662E-18	
3.274	7.627743E-18	
3.276	7.614796E-18	
3.278	7.601816E-18	
3.28	7.588807E-18	
3.282	7.575768E-18	
3.284	7.562697E-18	
3.286	7.549596E-18	
3.288	7.536467E-18	
3.29	7.523305E-18	
3.292	7.510115E-18	
3.294	7.496895E-18	
3.296	7.483643E-18	
3.298	7.470363E-18	
3.3	7.457052E-18	
3.302	7.443711E-18	
3.304	7.430342E-18	
3.306	7.416941E-18	
3.308	7.403512E-18	
3.31	7.390052E-18	
3.312	7.376563E-18	
3.314	7.363046E-18	
3.316	7.349498E-18	
3.318	7.335921E-18	
3.32	7.322314E-18	
3.322	7.308678E-18	
3.324	7.295013E-18	
3.326	7.281319E-18	
3.328	7.267596E-18	
3.33	7.253844E-18	
3.332	7.240062E-18	
3.334	7.226252E-18	
3.336	7.212413E-18	
3.338	7.198545E-18	
3.34	7.184648E-18	
3.342	7.170722E-18	
3.344	7.156768E-18	
3.346	7.142785E-18	
3.348	7.128773E-18	
3.35	7.114733E-18	
3.352	7.100665E-18	
3.354	7.086568E-18	
3.356	7.072443E-18	
3.358	7.058289E-18	
3.36	7.044107E-18	
3.362	7.029898E-18	
3.364	7.01566E-18	
3.366	7.001394E-18	
3.368	6.9871E-18	
3.37	6.972778E-18	
3.372	6.958428E-18	
3.374	6.94405E-18	
3.376	6.929644E-18	
3.378	6.91521E-18	
3.38	6.90075E-18	
3.382	6.886261E-18	
3.384	6.871745E-18	
3.386	6.857202E-18	
3.388	6.84263E-18	
3.39	6.828032E-18	
3.392	6.813407E-18	
3.394	6.798753E-18	
3.396	6.784073E-18	
3.398	6.769366E-18	
3.4	6.754632E-18	
3.402	6.739871E-18	
3.404	6.725082E-18	
3.406	6.710267E-18	
3.408	6.695424E-18	
3.41	6.680556E-18	
3.412	6.66566E-18	
3.414	6.650738E-18	
3.416	6.635789E-18	
3.418	6.620814E-18	
3.42	6.605812E-18	
3.422	6.590784E-18	
3.424	6.575729E-18	
3.426	6.560648E-18	
3.428	6.545541E-18	
3.43	6.530407E-18	
3.432	6.515248E-18	
3.434	6.500062E-18	
3.436	6.484851E-18	
3.438	6.469613E-18	
3.44	6.45435E-18	
3.442	6.439061E-18	
3.444	6.423746E-18	
3.446	6.408405E-18	
3.448	6.393039E-18	
3.45	6.377647E-18	
3.452	6.36223E-18	
3.454	6.346787E-18	
3.456	6.331319E-18	
3.458	6.315825E-18	
3.46	6.300306E-18	
3.462	6.284762E-18	
3.464	6.269193E-18	
3.466	6.253599E-18	
3.468	6.23798E-18	
3.47	6.222335E-18	
3.472	6.206666E-18	
3.474	6.190972E-18	
3.476	6.175254E-18	
3.478	6.159511E-18	
3.48	6.143743E-18	
3.482	6.12795E-18	
3.484	6.112133E-18	
3.486	6.096291E-18	
3.488	6.080426E-18	
3.49	6.064535E-18	
3.492	6.048621E-18	
3.494	6.032682E-18	
3.496	6.016719E-18	
3.498	6.000733E-18	
3.5	5.984722E-18	
3.502	5.968686E-18	
3.504	5.952628E-18	
3.506	5.936545E-18	
3.508	5.920439E-18	
3.51	5.904309E-18	
3.512	5.888156E-18	
3.514	5.871979E-18	
3.516	5.855778E-18	
3.518	5.839554E-18	
3.52	5.823306E-18	
3.522	5.807036E-18	
3.524	5.790742E-18	
3.526	5.774425E-18	
3.528	5.758084E-18	
3.53	5.741721E-18	
3.532	5.725335E-18	
3.534	5.708926E-18	
3.536	5.692494E-18	
3.538	5.67604E-18	
3.54	5.659562E-18	
3.542	5.643063E-18	
3.544	5.62654E-18	
3.546	5.609995E-18	
3.548	5.593427E-18	
3.55	5.576837E-18	
3.552	5.560225E-18	
3.554	5.54359E-18	
3.556	5.526934E-18	
3.558	5.510255E-18	
3.56	5.493555E-18	
3.562	5.476831E-18	
3.564	5.460087E-18	
3.566	5.44332E-18	
3.568	5.426532E-18	
3.57	5.409722E-18	
3.572	5.39289E-18	
3.574	5.376037E-18	
3.576	5.359163E-18	
3.578	5.342267E-18	
3.58	5.325349E-18	
3.582	5.30841E-18	
3.584	5.29145E-18	
3.586	5.274469E-18	
3.588	5.257467E-18	
3.59	5.240444E-18	
3.592	5.223399E-18	
3.594	5.206334E-18	
3.596	5.189248E-18	
3.598	5.172142E-18	
3.6	5.155014E-18	
3.602	5.137866E-18	
3.604	5.120697E-18	
3.606	5.103508E-18	
3.608	5.086298E-18	
3.61	5.069069E-18	
3.612	5.051819E-18	
3.614	5.034548E-18	
3.616	5.017258E-18	
3.618	4.999947E-18	
3.62	4.982617E-18	
3.622	4.965266E-18	
3.624	4.947895E-18	
3.626	4.930505E-18	
3.628	4.913096E-18	
3.63	4.895666E-18	
3.632	4.878217E-18	
3.634	4.860748E-18	
3.636	4.84326E-18	
3.638	4.825753E-18	
3.64	4.808226E-18	
3.642	4.79068E-18	
3.644	4.773115E-18	
3.646	4.755531E-18	
3.648	4.737927E-18	
3.65	4.720305E-18	
3.652	4.702664E-18	
3.654	4.685005E-18	
3.656	4.667326E-18	
3.658	4.649629E-18	
3.66	4.631913E-18	
3.662	4.614178E-18	
3.664	4.596426E-18	
3.666	4.578654E-18	
3.668	4.560865E-18	
3.67	4.543057E-18	
3.672	4.525231E-18	
3.674	4.507387E-18	
3.676	4.489524E-18	
3.678	4.471645E-18	
3.68	4.453746E-18	
3.682	4.435831E-18	
3.684	4.417897E-18	
3.686	4.399946E-18	
3.688	4.381977E-18	
3.69	4.363991E-18	
3.692	4.345987E-18	
3.694	4.327966E-18	
3.696	4.309927E-18	
3.698	4.291872E-18	
3.7	4.273799E-18	
3.702	4.255709E-18	
3.704	4.237602E-18	
3.706	4.219478E-18	
3.708	4.201337E-18	
3.71	4.18318E-18	
3.712	4.165005E-18	
3.714	4.146814E-18	
3.716	4.128607E-18	
3.718	4.110382E-18	
3.72	4.092142E-18	
3.722	4.073885E-18	
3.724	4.055612E-18	
3.726	4.037322E-18	
3.728	4.019017E-18	
3.73	4.000695E-18	
3.732	3.982357E-18	
3.734	3.964003E-18	
3.736	3.945634E-18	
3.738	3.927249E-18	
3.74	3.908848E-18	
3.742	3.890431E-18	
3.744	3.871999E-18	
3.746	3.853551E-18	
3.748	3.835088E-18	
3.75	3.81661E-18	
3.752	3.798116E-18	
3.754	3.779607E-18	
3.756	3.761084E-18	
3.758	3.742544E-18	
3.76	3.72399E-18	
3.762	3.705422E-18	
3.764	3.686838E-18	
3.766	3.668239E-18	
3.768	3.649626E-18	
3.77	3.630998E-18	
3.772	3.612356E-18	
3.774	3.593699E-18	
3.776	3.575029E-18	
3.778	3.556343E-18	
3.78	3.537643E-18	
3.782	3.51893E-18	
3.784	3.500202E-18	
3.786	3.48146E-18	
3.788	3.462704E-18	
3.79	3.443935E-18	
3.792	3.425151E-18	
3.794	3.406354E-18	
3.796	3.387544E-18	
3.798	3.368719E-18	
3.8	3.349882E-18	
3.802	3.33103E-18	
3.804	3.312166E-18	
3.806	3.293288E-18	
3.808	3.274397E-18	
3.81	3.255493E-18	
3.812	3.236576E-18	
3.814	3.217646E-18	
3.816	3.198703E-18	
3.818	3.179748E-18	
3.82	3.16078E-18	
3.822	3.141799E-18	
3.824	3.122805E-18	
3.826	3.103799E-18	
3.828	3.084781E-18	
3.83	3.06575E-18	
3.832	3.046707E-18	
3.834	3.027652E-18	
3.836	3.008584E-18	
3.838	2.989505E-18	
3.84	2.970413E-18	
3.842	2.95131E-18	
3.844	2.932195E-18	
3.846	2.913069E-18	
3.848	2.89393E-18	
3.85	2.87478E-18	
3.852	2.855619E-18	
3.854	2.836446E-18	
3.856	2.817262E-18	
3.858	2.798066E-18	
3.86	2.778859E-18	
3.862	2.759641E-18	
3.864	2.740413E-18	
3.866	2.721173E-18	
3.868	2.701922E-18	
3.87	2.68266E-18	
3.872	2.663388E-18	
3.874	2.644105E-18	
3.876	2.624812E-18	
3.878	2.605508E-18	
3.88	2.586193E-18	
3.882	2.566869E-18	
3.884	2.547534E-18	
3.886	2.528189E-18	
3.888	2.508833E-18	
3.89	2.489468E-18	
3.892	2.470093E-18	
3.894	2.450707E-18	
3.896	2.431313E-18	
3.898	2.411907E-18	
3.9	2.392493E-18	
3.902	2.373069E-18	
3.904	2.353636E-18	
3.906	2.334193E-18	
3.908	2.314741E-18	
3.91	2.29528E-18	
3.912	2.275809E-18	
3.914	2.256329E-18	
3.916	2.236841E-18	
3.918	2.217343E-18	
3.92	2.197836E-18	
3.922	2.178321E-18	
3.924	2.158797E-18	
3.926	2.139264E-18	
3.928	2.119723E-18	
3.93	2.100173E-18	
3.932	2.080615E-18	
3.934	2.061049E-18	
3.936	2.041474E-18	
3.938	2.021891E-18	
3.94	2.0023E-18	
3.942	1.982701E-18	
3.944	1.963094E-18	
3.946	1.943479E-18	
3.948	1.923857E-18	
3.95	1.904227E-18	
3.952	1.884589E-18	
3.954	1.864943E-18	
3.956	1.84529E-18	
3.958	1.82563E-18	
3.96	1.805963E-18	
3.962	1.786288E-18	
3.964	1.766606E-18	
3.966	1.746917E-18	
3.968	1.727221E-18	
3.97	1.707518E-18	
3.972	1.687809E-18	
3.974	1.668092E-18	
3.976	1.648369E-18	
3.978	1.628639E-18	
3.98	1.608903E-18	
3.982	1.58916E-18	
3.984	1.569412E-18	
3.986	1.549656E-18	
3.988	1.529895E-18	
3.99	1.510127E-18	
3.992	1.490354E-18	
3.994	1.470574E-18	
3.996	1.450788E-18	
3.998	1.430997E-18	
4	1.4112E-18	
4.002	1.391397E-18	
4.004	1.371589E-18	
4.006	1.351775E-18	
4.008	1.331956E-18	
4.01	1.312132E-18	
4.012	1.292302E-18	
4.014	1.272467E-18	
4.016	1.252627E-18	
4.018	1.232782E-18	
4.02	1.212933E-18	
4.022	1.193078E-18	
4.024	1.173218E-18	
4.026	1.153354E-18	
4.028	1.133485E-18	
4.03	1.113612E-18	
4.032	1.093734E-18	
4.034	1.073852E-18	
4.036	1.053965E-18	
4.038	1.034075E-18	
4.04	1.01418E-18	
4.042	9.94281E-19	
4.044	9.743781E-19	
4.046	9.544713E-19	
4.048	9.345608E-19	
4.05	9.146464E-19	
4.052	8.947285E-19	
4.054	8.748069E-19	
4.056	8.548819E-19	
4.058	8.349533E-19	
4.06	8.150215E-19	
4.062	7.950864E-19	
4.064	7.751482E-19	
4.066	7.552069E-19	
4.068	7.352624E-19	
4.07	7.153151E-19	
4.072	6.953649E-19	
4.074	6.754119E-19	
4.076	6.554563E-19	
4.078	6.35498E-19	
4.08	6.155372E-19	
4.082	5.955739E-19	
4.084	5.756082E-19	
4.086	5.556402E-19	
4.088	5.3567E-19	
4.09	5.156977E-19	
4.092	4.957233E-19	
4.094	4.757469E-19	
4.096	4.557686E-19	
4.098	4.357885E-19	
4.1	4.158066E-19	
4.102	3.958231E-19	
4.104	3.75838E-19	
4.106	3.558514E-19	
4.108	3.358634E-19	
4.11	3.15874E-19	
4.112	2.958834E-19	
4.114	2.758915E-19	
4.116	2.558986E-19	
4.118	2.359046E-19	
4.12	2.159098E-19	
4.122	1.95914E-19	
4.124	1.759175E-19	
4.126	1.559202E-19	
4.128	1.359224E-19	
4.13	1.159239E-19	
4.132	9.592507E-20	
4.134	7.592581E-20	
4.136	5.592624E-20	
4.138	3.592646E-20	
4.14	1.592653E-20	
4.142	-4.073464E-21	
4.144	-2.407344E-20	
4.146	-4.407332E-20	
4.148	-6.407302E-20	
4.15	-8.407247E-20	
4.152	-1.040716E-19	
4.154	-1.240703E-19	
4.156	-1.440685E-19	
4.158	-1.640661E-19	
4.16	-1.840631E-19	
4.162	-2.040593E-19	
4.164	-2.240547E-19	
4.166	-2.440492E-19	
4.168	-2.640428E-19	
4.17	-2.840353E-19	
4.172	-3.040266E-19	
4.174	-3.240167E-19	
4.176	-3.440056E-19	
4.178	-3.63993E-19	
4.18	-3.83979E-19	
4.182	-4.039635E-19	
4.184	-4.239464E-19	
4.186	-4.439275E-19	
4.188	-4.639069E-19	
4.19	-4.838844E-19	
4.192	-5.0386E-19	
4.194	-5.238336E-19	
4.196	-5.438051E-19	
4.198	-5.637744E-19	
4.2	-5.837415E-19	
4.202	-6.037061E-19	
4.204	-6.236684E-19	
4.206	-6.436283E-19	
4.208	-6.635855E-19	
4.21	-6.835401E-19	
4.212	-7.034919E-19	
4.214	-7.234409E-19	
4.216	-7.433871E-19	
4.218	-7.633302E-19	
4.22	-7.832704E-19	
4.222	-8.032073E-19	
4.224	-8.231411E-19	
4.226	-8.430716E-19	
4.228	-8.629986E-19	
4.23	-8.829222E-19	
4.232	-9.028424E-19	
4.234	-9.227589E-19	
4.236	-9.426717E-19	
4.238	-9.625808E-19	
4.24	-9.824859E-19	
4.242	-1.002387E-18	
4.244	-1.022284E-18	
4.246	-1.042178E-18	
4.248	-1.062067E-18	
4.25	-1.081951E-18	
4.252	-1.101832E-18	
4.254	-1.121708E-18	
4.256	-1.141579E-18	
4.258	-1.161446E-18	
4.26	-1.181309E-18	
4.262	-1.201166E-18	
4.264	-1.221019E-18	
4.266	-1.240867E-18	
4.268	-1.26071E-18	
4.27	-1.280548E-18	
4.272	-1.30038E-18	
4.274	-1.320208E-18	
4.276	-1.34003E-18	
4.278	-1.359847E-18	
4.28	-1.379659E-18	
4.282	-1.399465E-18	
4.284	-1.419265E-18	
4.286	-1.43906E-18	
4.288	-1.458849E-18	
4.29	-1.478632E-18	
4.292	-1.498409E-18	
4.294	-1.51818E-18	
4.296	-1.537945E-18	
4.298	-1.557704E-18	
4.3	-1.577457E-18	
4.302	-1.597203E-18	
4.304	-1.616943E-18	
4.306	-1.636677E-18	
4.308	-1.656404E-18	
4.31	-1.676124E-18	
4.312	-1.695838E-18	
4.314	-1.715545E-18	
4.316	-1.735245E-18	
4.318	-1.754938E-18	
4.32	-1.774624E-18	
4.322	-1.794303E-18	
4.324	-1.813975E-18	
4.326	-1.83364E-18	
4.328	-1.853297E-18	
4.33	-1.872947E-18	
4.332	-1.892589E-18	
4.334	-1.912224E-18	
4.336	-1.931851E-18	
4.338	-1.95147E-18	
4.34	-1.971082E-18	
4.342	-1.990685E-18	
4.344	-2.010281E-18	
4.346	-2.029869E-18	
4.348	-2.049448E-18	
4.35	-2.06902E-18	
4.352	-2.088583E-18	
4.354	-2.108137E-18	
4.356	-2.127684E-18	
4.358	-2.147221E-18	
4.36	-2.166751E-18	
4.362	-2.186271E-18	
4.364	-2.205783E-18	
4.366	-2.225286E-18	
4.368	-2.24478E-18	
4.37	-2.264265E-18	
4.372	-2.283741E-18	
4.374	-2.303208E-18	
4.376	-2.322666E-18	
4.378	-2.342114E-18	
4.38	-2.361553E-18	
4.382	-2.380983E-18	
4.384	-2.400403E-18	
4.386	-2.419813E-18	
4.388	-2.439214E-18	
4.39	-2.458605E-18	
4.392	-2.477986E-18	
4.394	-2.497358E-18	
4.396	-2.516719E-18	
4.398	-2.53607E-18	
4.4	-2.555411E-18	
4.402	-2.574742E-18	
4.404	-2.594062E-18	
4.406	-2.613373E-18	
4.408	-2.632672E-18	
4.41	-2.651962E-18	
4.412	-2.67124E-18	
4.414	-2.690508E-18	
4.416	-2.709765E-18	
4.418	-2.729011E-18	
4.42	-2.748247E-18	
4.422	-2.767471E-18	
4.424	-2.786684E-18	
4.426	-2.805887E-18	
4.428	-2.825078E-18	
4.43	-2.844257E-18	
4.432	-2.863425E-18	
4.434	-2.882582E-18	
4.436	-2.901727E-18	
4.438	-2.920861E-18	
4.44	-2.939983E-18	
4.442	-2.959093E-18	
4.444	-2.978192E-18	
4.446	-2.997278E-18	
4.448	-3.016353E-18	
4.45	-3.035415E-18	
4.452	-3.054465E-18	
4.454	-3.073504E-18	
4.456	-3.092529E-18	
4.458	-3.111543E-18	
4.46	-3.130544E-18	
4.462	-3.149532E-18	
4.464	-3.168508E-18	
4.466	-3.187471E-18	
4.468	-3.206421E-18	
4.47	-3.225359E-18	
4.472	-3.244284E-18	
4.474	-3.263195E-18	
4.476	-3.282094E-18	
4.478	-3.300979E-18	
4.48	-3.319852E-18	
4.482	-3.338711E-18	
4.484	-3.357557E-18	
4.486	-3.376389E-18	
4.488	-3.395208E-18	
4.49	-3.414013E-18	
4.492	-3.432804E-18	
4.494	-3.451582E-18	
4.496	-3.470346E-18	
4.498	-3.489096E-18	
4.5	-3.507832E-18	
4.502	-3.526554E-18	
4.504	-3.545262E-18	
4.506	-3.563956E-18	
4.508	-3.582636E-18	
4.51	-3.601301E-18	
4.512	-3.619952E-18	
4.514	-3.638588E-18	
4.516	-3.65721E-18	
4.518	-3.675817E-18	
4.52	-3.694409E-18	
4.522	-3.712987E-18	
4.524	-3.73155E-18	
4.526	-3.750098E-18	
4.528	-3.768631E-18	
4.53	-3.787149E-18	
4.532	-3.805651E-18	
4.534	-3.824139E-18	
4.536	-3.842611E-18	
4.538	-3.861068E-18	
4.54	-3.879509E-18	
4.542	-3.897935E-18	
4.544	-3.916345E-18	
4.546	-3.93474E-18	
4.548	-3.953119E-18	
4.55	-3.971482E-18	
4.552	-3.989829E-18	
4.554	-4.00816E-18	
4.556	-4.026475E-18	
4.558	-4.044774E-18	
4.56	-4.063057E-18	
4.562	-4.081324E-18	
4.564	-4.099574E-18	
4.566	-4.117808E-18	
4.568	-4.136025E-18	
4.57	-4.154226E-18	
4.572	-4.17241E-18	
4.574	-4.190578E-18	
4.576	-4.208728E-18	
4.578	-4.226863E-18	
4.58	-4.24498E-18	
4.582	-4.26308E-18	
4.584	-4.281163E-18	
4.586	-4.299229E-18	
4.588	-4.317277E-18	
4.59	-4.335309E-18	
4.592	-4.353323E-18	
4.594	-4.37132E-18	
4.596	-4.389299E-18	
4.598	-4.40726E-18	
4.6	-4.425205E-18	
4.602	-4.443131E-18	
4.604	-4.461039E-18	
4.606	-4.47893E-18	
4.608	-4.496803E-18	
4.61	-4.514657E-18	
4.612	-4.532494E-18	
4.614	-4.550313E-18	
4.616	-4.568114E-18	
4.618	-4.585895E-18	
4.62	-4.603659E-18	
4.622	-4.621405E-18	
4.624	-4.639131E-18	
4.626	-4.65684E-18	
4.628	-4.674529E-18	
4.63	-4.6922E-18	
4.632	-4.709853E-18	
4.634	-4.727486E-18	
4.636	-4.7451E-18	
4.638	-4.762696E-18	
4.64	-4.780273E-18	
4.642	-4.79783E-18	
4.644	-4.815368E-18	
4.646	-4.832887E-18	
4.648	-4.850387E-18	
4.65	-4.867867E-18	
4.652	-4.885327E-18	
4.654	-4.902769E-18	
4.656	-4.920189E-18	
4.658	-4.937592E-18	
4.66	-4.954974E-18	
4.662	-4.972336E-18	
4.664	-4.989678E-18	
4.666	-5.007001E-18	
4.668	-5.024303E-18	
4.67	-5.041585E-18	
4.672	-5.058848E-18	
4.674	-5.076089E-18	
4.676	-5.093311E-18	
4.678	-5.110512E-18	
4.68	-5.127693E-18	
4.682	-5.144853E-18	
4.684	-5.161993E-18	
4.686	-5.179112E-18	
4.688	-5.19621E-18	
4.69	-5.213288E-18	
4.692	-5.230344E-18	
4.694	-5.24738E-18	
4.696	-5.264395E-18	
4.698	-5.281389E-18	
4.7	-5.298361E-18	
4.702	-5.315312E-18	
4.704	-5.332243E-18	
4.706	-5.349152E-18	
4.708	-5.366039E-18	
4.71	-5.382905E-18	
4.712	-5.399749E-18	
4.714	-5.416573E-18	
4.716	-5.433373E-18	
4.718	-5.450153E-18	
4.72	-5.46691E-18	
4.722	-5.483646E-18	
4.724	-5.50036E-18	
4.726	-5.517052E-18	
4.728	-5.533722E-18	
4.73	-5.550369E-18	
4.732	-5.566995E-18	
4.734	-5.583598E-18	
4.736	-5.600179E-18	
4.738	-5.616737E-18	
4.74	-5.633273E-18	
4.742	-5.649786E-18	
4.744	-5.666277E-18	
4.746	-5.682745E-18	
4.748	-5.69919E-18	
4.75	-5.715613E-18	
4.752	-5.732013E-18	
4.754	-5.74839E-18	
4.756	-5.764744E-18	
4.758	-5.781074E-18	
4.76	-5.797382E-18	
4.762	-5.813666E-18	
4.764	-5.829928E-18	
4.766	-5.846165E-18	
4.768	-5.86238E-18	
4.77	-5.878571E-18	
4.772	-5.894738E-18	
4.774	-5.910883E-18	
4.776	-5.927003E-18	
4.778	-5.943099E-18	
4.78	-5.959172E-18	
4.782	-5.975221E-18	
4.784	-5.991246E-18	
4.786	-6.007247E-18	
4.788	-6.023224E-18	
4.79	-6.039177E-18	
4.792	-6.055106E-18	
4.794	-6.071011E-18	
4.796	-6.086891E-18	
4.798	-6.102747E-18	
4.8	-6.118579E-18	
4.802	-6.134386E-18	
4.804	-6.150169E-18	
4.806	-6.165926E-18	
4.808	-6.18166E-18	
4.81	-6.197368E-18	
4.812	-6.213052E-18	
4.814	-6.228711E-18	
4.816	-6.244345E-18	
4.818	-6.259954E-18	
4.82	-6.275538E-18	
4.822	-6.291097E-18	
4.824	-6.306631E-18	
4.826	-6.322139E-18	
4.828	-6.337623E-18	
4.83	-6.35308E-18	
4.832	-6.368513E-18	
4.834	-6.38392E-18	
4.836	-6.399302E-18	
4.838	-6.414657E-18	
4.84	-6.429987E-18	
4.842	-6.445292E-18	
4.844	-6.460571E-18	
4.846	-6.475823E-18	
4.848	-6.49105E-18	
4.85	-6.506252E-18	
4.852	-6.521427E-18	
4.854	-6.536575E-18	
4.856	-6.551698E-18	
4.858	-6.566795E-18	
4.86	-6.581865E-18	
4.862	-6.596909E-18	
4.864	-6.611926E-18	
4.866	-6.626917E-18	
4.868	-6.641882E-18	
4.87	-6.65682E-18	
4.872	-6.671731E-18	
4.874	-6.686616E-18	
4.876	-6.701474E-18	
4.878	-6.716305E-18	
4.88	-6.731109E-18	
4.882	-6.745887E-18	
4.884	-6.760637E-18	
4.886	-6.77536E-18	
4.888	-6.790056E-18	
4.89	-6.804726E-18	
4.892	-6.819368E-18	
4.894	-6.833982E-18	
4.896	-6.848569E-18	
4.898	-6.863129E-18	
4.9	-6.877661E-18	
4.902	-6.892166E-18	
4.904	-6.906644E-18	
4.906	-6.921093E-18	
4.908	-6.935515E-18	
4.91	-6.949909E-18	
4.912	-6.964276E-18	
4.914	-6.978614E-18	
4.916	-6.992925E-18	
4.918	-7.007208E-18	
4.92	-7.021463E-18	
4.922	-7.03569E-18	
4.924	-7.049887E-18	
4.926	-7.064058E-18	
4.928	-7.0782E-18	
4.93	-7.092314E-18	
4.932	-7.106399E-18	
4.934	-7.120456E-18	
4.936	-7.134485E-18	
4.938	-7.148484E-18	
4.94	-7.162455E-18	
4.942	-7.176398E-18	
4.944	-7.190312E-18	
4.946	-7.204197E-18	
4.948	-7.218053E-18	
4.95	-7.231881E-18	
4.952	-7.245679E-18	
4.954	-7.25945E-18	
4.956	-7.27319E-18	
4.958	-7.286901E-18	
4.96	-7.300584E-18	
4.962	-7.314237E-18	
4.964	-7.327861E-18	
4.966	-7.341455E-18	
4.968	-7.35502E-18	
4.97	-7.368556E-18	
4.972	-7.382062E-18	
4.974	-7.395539E-18	
4.976	-7.408986E-18	
4.978	-7.422403E-18	
4.98	-7.435791E-18	
4.982	-7.449149E-18	
4.984	-7.462478E-18	
4.986	-7.475776E-18	
4.988	-7.489045E-18	
4.99	-7.502283E-18	
4.992	-7.515493E-18	
4.994	-7.52867E-18	
4.996	-7.541818E-18	
4.998	-7.554937E-18	
5	-7.568025E-18	
5.002	-7.581082E-18	
5.004	-7.59411E-18	
5.006	-7.607107E-18	
5.008	-7.620074E-18	
5.01	-7.63301E-18	
5.012	-7.645915E-18	
5.014	-7.65879E-18	
5.016	-7.671634E-18	
5.018	-7.684448E-18	
5.02	-7.697232E-18	
5.022	-7.709983E-18	
5.024	-7.722705E-18	
5.026	-7.735395E-18	
5.028	-7.748054E-18	
5.03	-7.760684E-18	
5.032	-7.773281E-18	
5.034	-7.785847E-18	
5.036	-7.798383E-18	
5.038	-7.810886E-18	
5.04	-7.823359E-18	
5.042	-7.8358E-18	
5.044	-7.848211E-18	
5.046	-7.86059E-18	
5.048	-7.872937E-18	
5.05	-7.885252E-18	
5.052	-7.897537E-18	
5.054	-7.909789E-18	
5.056	-7.92201E-18	
5.058	-7.9342E-18	
5.06	-7.946358E-18	
5.062	-7.958483E-18	
5.064	-7.970577E-18	
5.066	-7.982639E-18	
5.068	-7.99467E-18	
5.07	-8.006668E-18	
5.072	-8.018633E-18	
5.074	-8.030568E-18	
5.076	-8.042469E-18	
5.078	-8.05434E-18	
5.08	-8.066177E-18	
5.082	-8.077983E-18	
5.084	-8.089755E-18	
5.086	-8.101496E-18	
5.088	-8.113204E-18	
5.09	-8.124881E-18	
5.092	-8.136523E-18	
5.094	-8.148134E-18	
5.096	-8.159713E-18	
5.098	-8.171258E-18	
5.1	-8.182771E-18	
5.102	-8.194251E-18	
5.104	-8.205699E-18	
5.106	-8.217113E-18	
5.108	-8.228494E-18	
5.11	-8.239844E-18	
5.112	-8.251159E-18	
5.114	-8.262442E-18	
5.116	-8.273692E-18	
5.118	-8.284908E-18	
5.12	-8.296092E-18	
5.122	-8.307242E-18	
5.124	-8.318359E-18	
5.126	-8.329443E-18	
5.128	-8.340494E-18	
5.13	-8.351511E-18	
5.132	-8.362494E-18	
5.134	-8.373444E-18	
5.136	-8.384361E-18	
5.138	-8.395245E-18	
5.14	-8.406094E-18	
5.142	-8.41691E-18	
5.144	-8.427692E-18	
5.146	-8.438441E-18	
5.148	-8.449156E-18	
5.15	-8.459838E-18	
5.152	-8.470484E-18	
5.154	-8.481098E-18	
5.156	-8.491677E-18	
5.158	-8.502223E-18	
5.16	-8.512733E-18	
5.162	-8.523211E-18	
5.164	-8.533654E-18	
5.166	-8.544064E-18	
5.168	-8.554439E-18	
5.17	-8.56478E-18	
5.172	-8.575086E-18	
5.174	-8.585358E-18	
5.176	-8.595596E-18	
5.178	-8.605799E-18	
5.18	-8.61597E-18	
5.182	-8.626103E-18	
5.184	-8.636204E-18	
5.186	-8.646269E-18	
5.188	-8.6563E-18	
5.19	-8.666297E-18	
5.192	-8.676258E-18	
5.194	-8.686185E-18	
5.196	-8.696078E-18	
5.198	-8.705934E-18	
5.2	-8.715758E-18	
5.202	-8.725545E-18	
5.204	-8.735299E-18	
5.206	-8.745016E-18	
5.208	-8.754699E-18	
5.21	-8.764348E-18	
5.212	-8.77396E-18	
5.214	-8.783537E-18	
5.216	-8.793081E-18	
5.218	-8.802588E-18	
5.22	-8.81206E-18	
5.222	-8.821497E-18	
5.224	-8.830898E-18	
5.226	-8.840265E-18	
5.228	-8.849597E-18	
5.23	-8.858893E-18	
5.232	-8.868152E-18	
5.234	-8.877377E-18	
5.236	-8.886566E-18	
5.238	-8.89572E-18	
5.24	-8.904838E-18	
5.242	-8.91392E-18	
5.244	-8.922968E-18	
5.246	-8.931979E-18	
5.248	-8.940954E-18	
5.25	-8.949893E-18	
5.252	-8.958797E-18	
5.254	-8.967666E-18	
5.256	-8.976498E-18	
5.258	-8.985293E-18	
5.26	-8.994055E-18	
5.262	-9.002778E-18	
5.264	-9.011467E-18	
5.266	-9.020119E-18	
5.268	-9.028735E-18	
5.27	-9.037315E-18	
5.272	-9.045859E-18	
5.274	-9.054367E-18	
5.276	-9.062838E-18	
5.278	-9.071274E-18	
5.28	-9.079673E-18	
5.282	-9.088035E-18	
5.284	-9.096362E-18	
5.286	-9.104651E-18	
5.288	-9.112905E-18	
5.29	-9.121121E-18	
5.292	-9.129303E-18	
5.294	-9.137447E-18	
5.296	-9.145555E-18	
5.298	-9.153625E-18	
5.3	-9.161659E-18	
5.302	-9.169657E-18	
5.304	-9.177618E-18	
5.306	-9.185542E-18	
5.308	-9.19343E-18	
5.31	-9.201281E-18	
5.312	-9.209095E-18	
5.314	-9.216872E-18	
5.316	-9.224612E-18	
5.318	-9.232315E-18	
5.32	-9.239981E-18	
5.322	-9.24761E-18	
5.324	-9.255204E-18	
5.326	-9.262759E-18	
5.328	-9.270277E-18	
5.33	-9.277759E-18	
5.332	-9.285202E-18	
5.334	-9.29261E-18	
5.336	-9.299979E-18	
5.338	-9.307312E-18	
5.34	-9.314608E-18	
5.342	-9.321866E-18	
5.344	-9.329087E-18	
5.346	-9.33627E-18	
5.348	-9.343417E-18	
5.35	-9.350526E-18	
5.352	-9.357597E-18	
5.354	-9.364632E-18	
5.356	-9.371628E-18	
5.358	-9.378587E-18	
5.36	-9.385508E-18	
5.362	-9.392393E-18	
5.364	-9.399238E-18	
5.366	-9.406049E-18	
5.368	-9.412819E-18	
5.37	-9.419553E-18	
5.372	-9.426249E-18	
5.374	-9.432907E-18	
5.376	-9.439527E-18	
5.378	-9.446111E-18	
5.38	-9.452655E-18	
5.382	-9.459163E-18	
5.384	-9.465632E-18	
5.386	-9.472063E-18	
5.388	-9.478456E-18	
5.39	-9.484812E-18	
5.392	-9.49113E-18	
5.394	-9.49741E-18	
5.396	-9.503651E-18	
5.398	-9.509855E-18	
5.4	-9.516021E-18	
5.402	-9.522148E-18	
5.404	-9.528238E-18	
5.406	-9.534289E-18	
5.408	-9.540302E-18	
5.41	-9.546277E-18	
5.412	-9.552215E-18	
5.414	-9.558113E-18	
5.416	-9.563974E-18	
5.418	-9.569796E-18	
5.42	-9.57558E-18	
5.422	-9.581326E-18	
5.424	-9.587033E-18	
5.426	-9.592702E-18	
5.428	-9.598333E-18	
5.43	-9.603925E-18	
5.432	-9.609479E-18	
5.434	-9.614994E-18	
5.436	-9.62047E-18	
5.438	-9.625909E-18	
5.44	-9.631309E-18	
5.442	-9.636671E-18	
5.444	-9.641994E-18	
5.446	-9.647278E-18	
5.448	-9.652524E-18	
5.45	-9.657731E-18	
5.452	-9.662899E-18	
5.454	-9.668029E-18	
5.456	-9.67312E-18	
5.458	-9.678172E-18	
5.46	-9.683186E-18	
5.462	-9.688161E-18	
5.464	-9.693097E-18	
5.466	-9.697995E-18	
5.468	-9.702853E-18	
5.47	-9.707673E-18	
5.472	-9.712454E-18	
5.474	-9.717197E-18	
5.476	-9.7219E-18	
5.478	-9.726565E-18	
5.48	-9.73119E-18	
5.482	-9.735777E-18	
5.484	-9.740324E-18	
5.486	-9.744833E-18	
5.488	-9.749303E-18	
5.49	-9.753733E-18	
5.492	-9.758125E-18	
5.494	-9.762478E-18	
5.496	-9.766791E-18	
5.498	-9.771066E-18	
5.5	-9.775301E-18	
5.502	-9.779497E-18	
5.504	-9.783655E-18	
5.506	-9.787773E-18	
5.508	-9.791851E-18	
5.51	-9.795891E-18	
5.512	-9.799892E-18	
5.514	-9.803854E-18	
5.516	-9.807776E-18	
5.518	-9.811659E-18	
5.52	-9.815502E-18	
5.522	-9.819307E-18	
5.524	-9.823073E-18	
5.526	-9.826798E-18	
5.528	-9.830485E-18	
5.53	-9.834132E-18	
5.532	-9.837739E-18	
5.534	-9.841309E-18	
5.536	-9.844838E-18	
5.538	-9.848327E-18	
5.54	-9.851778E-18	
5.542	-9.855189E-18	
5.544	-9.85856E-18	
5.546	-9.861893E-18	
5.548	-9.865185E-18	
5.55	-9.868438E-18	
5.552	-9.871652E-18	
5.554	-9.874826E-18	
5.556	-9.877962E-18	
5.558	-9.881057E-18	
5.56	-9.884112E-18	
5.562	-9.887129E-18	
5.564	-9.890106E-18	
5.566	-9.893043E-18	
5.568	-9.89594E-18	
5.57	-9.898798E-18	
5.572	-9.901617E-18	
5.574	-9.904395E-18	
5.576	-9.907135E-18	
5.578	-9.909834E-18	
5.58	-9.912494E-18	
5.582	-9.915114E-18	
5.584	-9.917695E-18	
5.586	-9.920236E-18	
5.588	-9.922736E-18	
5.59	-9.925199E-18	
5.592	-9.92762E-18	
5.594	-9.930001E-18	
5.596	-9.932345E-18	
5.598	-9.934647E-18	
5.6	-9.93691E-18	
5.602	-9.939133E-18	
5.604	-9.941316E-18	
5.606	-9.94346E-18	
5.608	-9.945565E-18	
5.61	-9.947629E-18	
5.612	-9.949653E-18	
5.614	-9.951637E-18	
5.616	-9.953582E-18	
5.618	-9.955487E-18	
5.62	-9.957351E-18	
5.622	-9.959177E-18	
5.624	-9.960963E-18	
5.626	-9.962708E-18	
5.628	-9.964414E-18	
5.63	-9.96608E-18	
5.632	-9.967706E-18	
5.634	-9.969291E-18	
5.636	-9.970838E-18	
5.638	-9.972344E-18	
5.64	-9.97381E-18	
5.642	-9.975237E-18	
5.644	-9.976624E-18	
5.646	-9.97797E-18	
5.648	-9.979278E-18	
5.65	-9.980545E-18	
5.652	-9.981771E-18	
5.654	-9.982958E-18	
5.656	-9.984106E-18	
5.658	-9.985212E-18	
5.66	-9.98628E-18	
5.662	-9.987308E-18	
5.664	-9.988294E-18	
5.666	-9.989242E-18	
5.668	-9.99015E-18	
5.67	-9.991017E-18	
5.672	-9.991845E-18	
5.674	-9.992632E-18	
5.676	-9.993381E-18	
5.678	-9.994087E-18	
5.68	-9.994756E-18	
5.682	-9.995383E-18	
5.684	-9.995971E-18	
5.686	-9.996518E-18	
5.688	-9.997026E-18	
5.69	-9.997493E-18	
5.692	-9.997922E-18	
5.694	-9.998309E-18	
5.696	-9.998657E-18	
5.698	-9.998965E-18	
5.7	-9.999232E-18	
5.702	-9.99946E-18	
5.704	-9.999648E-18	
5.706	-9.999796E-18	
5.708	-9.999904E-18	
5.71	-9.999972E-18	
5.712	-9.999999E-18	
5.714	-9.999987E-18	
5.716	-9.999935E-18	
5.718	-9.999843E-18	
5.72	-9.99971E-18	
5.722	-9.999538E-18	
5.724	-9.999326E-18	
5.726	-9.999073E-18	
5.728	-9.998781E-18	
5.73	-9.998449E-18	
5.732	-9.998077E-18	
5.734	-9.997665E-18	
5.736	-9.997213E-18	
5.738	-9.996721E-18	
5.74	-9.996189E-18	
5.742	-9.995616E-18	
5.744	-9.995004E-18	
5.746	-9.994352E-18	
5.748	-9.99366E-18	
5.75	-9.992928E-18	
5.752	-9.992156E-18	
5.754	-9.991343E-18	
5.756	-9.990492E-18	
5.758	-9.989601E-18	
5.76	-9.988667E-18	
5.762	-9.987696E-18	
5.764	-9.986685E-18	
5.766	-9.985633E-18	
5.768	-9.984541E-18	
5.77	-9.98341E-18	
5.772	-9.982238E-18	
5.774	-9.981027E-18	
5.776	-9.979775E-18	
5.778	-9.978484E-18	
5.78	-9.977152E-18	
5.782	-9.975781E-18	
5.784	-9.97437E-18	
5.786	-9.97292E-18	
5.788	-9.971428E-18	
5.79	-9.969898E-18	
5.792	-9.968327E-18	
5.794	-9.966717E-18	
5.796	-9.965066E-18	
5.798	-9.963376E-18	
5.8	-9.961646E-18	
5.802	-9.959877E-18	
5.804	-9.958067E-18	
5.806	-9.956217E-18	
5.808	-9.954327E-18	
5.81	-9.952398E-18	
5.812	-9.950429E-18	
5.814	-9.948421E-18	
5.816	-9.946372E-18	
5.818	-9.944283E-18	
5.82	-9.942156E-18	
5.822001	-9.939985E-18	
5.824	-9.937779E-18	
5.826	-9.935533E-18	
5.828	-9.933245E-18	
5.83	-9.930919E-18	
5.832	-9.928551E-18	
5.834	-9.926145E-18	
5.836	-9.923699E-18	
5.838	-9.921213E-18	
5.84	-9.918687E-18	
5.842	-9.916122E-18	
5.844	-9.913518E-18	
5.846	-9.910873E-18	
5.848	-9.908189E-18	
5.85	-9.905466E-18	
5.852	-9.902702E-18	
5.854	-9.899899E-18	
5.856	-9.897056E-18	
5.858	-9.894174E-18	
5.86	-9.891252E-18	
5.862	-9.888291E-18	
5.864	-9.885291E-18	
5.866	-9.88225E-18	
5.868001	-9.879169E-18	
5.87	-9.876051E-18	
5.872	-9.872892E-18	
5.874	-9.869693E-18	
5.876	-9.866455E-18	
5.878	-9.863178E-18	
5.88	-9.859861E-18	
5.882	-9.856505E-18	
5.884	-9.853109E-18	
5.886	-9.849674E-18	
5.888	-9.8462E-18	
5.89	-9.842686E-18	
5.892	-9.839132E-18	
5.894	-9.835541E-18	
5.896	-9.831908E-18	
5.898	-9.828237E-18	
5.9	-9.824526E-18	
5.902	-9.820776E-18	
5.904	-9.816987E-18	
5.906	-9.813158E-18	
5.908	-9.809291E-18	
5.91	-9.805384E-18	
5.912	-9.801438E-18	
5.914001	-9.797451E-18	
5.916	-9.793428E-18	
5.918	-9.789364E-18	
5.92	-9.785261E-18	
5.922	-9.781119E-18	
5.924	-9.776938E-18	
5.926	-9.772718E-18	
5.928	-9.768459E-18	
5.93	-9.76416E-18	
5.932	-9.759822E-18	
5.934	-9.755446E-18	
5.936	-9.75103E-18	
5.938	-9.746576E-18	
5.94	-9.742082E-18	
5.942	-9.73755E-18	
5.944	-9.732978E-18	
5.946	-9.728369E-18	
5.948	-9.723719E-18	
5.95	-9.719031E-18	
5.952	-9.714304E-18	
5.954	-9.709538E-18	
5.956	-9.704733E-18	
5.958	-9.69989E-18	
5.960001	-9.695005E-18	
5.962	-9.690086E-18	
5.964	-9.685125E-18	
5.966	-9.680127E-18	
5.968	-9.67509E-18	
5.97	-9.670014E-18	
5.972	-9.664899E-18	
5.974	-9.659746E-18	
5.976	-9.654553E-18	
5.978	-9.649323E-18	
5.98	-9.644053E-18	
5.982	-9.638746E-18	
5.984	-9.633399E-18	
5.986	-9.628015E-18	
5.988	-9.62259E-18	
5.99	-9.617129E-18	
5.992	-9.611629E-18	
5.994	-9.60609E-18	
5.996	-9.600512E-18	
5.998	-9.594896E-18	
6	-9.589243E-18	
6.002	-9.58355E-18	
6.004	-9.577819E-18	
6.006001	-9.572048E-18	
6.008	-9.566243E-18	
6.01	-9.560398E-18	
6.012	-9.554513E-18	
6.014	-9.548592E-18	
6.016	-9.542632E-18	
6.018	-9.536633E-18	
6.02	-9.530596E-18	
6.022	-9.524522E-18	
6.024	-9.518409E-18	
6.026	-9.512258E-18	
6.028	-9.506069E-18	
6.03	-9.499842E-18	
6.032	-9.493578E-18	
6.034	-9.487274E-18	
6.036	-9.480933E-18	
6.038	-9.474555E-18	
6.04	-9.468138E-18	
6.042	-9.461683E-18	
6.044	-9.455191E-18	
6.046	-9.448661E-18	
6.048	-9.442092E-18	
6.05	-9.435487E-18	
6.052001	-9.42884E-18	
6.054	-9.422162E-18	
6.056	-9.415443E-18	
6.058	-9.408686E-18	
6.06	-9.401892E-18	
6.062	-9.395059E-18	
6.064	-9.388191E-18	
6.066	-9.381284E-18	
6.068	-9.374339E-18	
6.07	-9.367357E-18	
6.072001	-9.360334E-18	
6.074	-9.353281E-18	
6.076	-9.346187E-18	
6.078	-9.339055E-18	
6.08	-9.331885E-18	
6.082	-9.32468E-18	
6.084	-9.317436E-18	
6.086	-9.310154E-18	
6.088	-9.302837E-18	
6.09	-9.295481E-18	
6.092	-9.288088E-18	
6.094	-9.280659E-18	
6.096	-9.273192E-18	
6.098001	-9.265684E-18	
6.1	-9.258147E-18	
6.102	-9.250569E-18	
6.104	-9.242954E-18	
6.106	-9.235301E-18	
6.108	-9.227612E-18	
6.11	-9.219887E-18	
6.112	-9.212124E-18	
6.114	-9.204324E-18	
6.116	-9.196488E-18	
6.118001	-9.188611E-18	
6.12	-9.180705E-18	
6.122	-9.172758E-18	
6.124	-9.164775E-18	
6.126	-9.156755E-18	
6.128	-9.148698E-18	
6.13	-9.140605E-18	
6.132	-9.132475E-18	
6.134	-9.124308E-18	
6.136	-9.116105E-18	
6.138	-9.107867E-18	
6.14	-9.099591E-18	
6.142	-9.091278E-18	
6.144	-9.08293E-18	
6.146	-9.074544E-18	
6.148	-9.066124E-18	
6.15	-9.057667E-18	
6.152	-9.049173E-18	
6.154	-9.040643E-18	
6.156	-9.032077E-18	
6.158	-9.023474E-18	
6.16	-9.014837E-18	
6.162	-9.006162E-18	
6.164001	-8.997447E-18	
6.166	-8.988706E-18	
6.168	-8.979923E-18	
6.17	-8.971105E-18	
6.172	-8.962251E-18	
6.174	-8.953362E-18	
6.176	-8.944435E-18	
6.178	-8.935474E-18	
6.18	-8.926477E-18	
6.182	-8.917444E-18	
6.184	-8.908375E-18	
6.186	-8.899271E-18	
6.188	-8.890131E-18	
6.19	-8.880955E-18	
6.192	-8.871745E-18	
6.194	-8.862498E-18	
6.196	-8.853216E-18	
6.198	-8.843899E-18	
6.2	-8.834546E-18	
6.202	-8.825159E-18	
6.204	-8.815736E-18	
6.206	-8.806276E-18	
6.208	-8.796783E-18	
6.210001	-8.787249E-18	
6.212	-8.77769E-18	
6.214	-8.768091E-18	
6.216	-8.758456E-18	
6.218	-8.748787E-18	
6.22	-8.739082E-18	
6.222	-8.729344E-18	
6.224	-8.719569E-18	
6.226	-8.70976E-18	
6.228	-8.699916E-18	
6.23	-8.690037E-18	
6.232	-8.680124E-18	
6.234	-8.670175E-18	
6.236	-8.660192E-18	
6.238	-8.650176E-18	
6.24	-8.640123E-18	
6.242	-8.630037E-18	
6.244	-8.619915E-18	
6.246	-8.60976E-18	
6.248	-8.599569E-18	
6.25	-8.589345E-18	
6.252	-8.579086E-18	
6.254	-8.568793E-18	
6.256001	-8.558461E-18	
6.258	-8.548103E-18	
6.26	-8.537707E-18	
6.262	-8.527278E-18	
6.264	-8.516814E-18	
6.266	-8.506316E-18	
6.268	-8.495783E-18	
6.27	-8.485217E-18	
6.272	-8.474617E-18	
6.274	-8.463983E-18	
6.276	-8.453314E-18	
6.278	-8.442613E-18	
6.28	-8.431877E-18	
6.282	-8.421108E-18	
6.284	-8.410305E-18	
6.286	-8.399469E-18	
6.288	-8.388598E-18	
6.29	-8.377695E-18	
6.292	-8.366758E-18	
6.294	-8.355787E-18	
6.296	-8.344782E-18	
6.298	-8.333745E-18	
6.3	-8.322674E-18	
6.302001	-8.311565E-18	
6.304	-8.300433E-18	
6.306	-8.289263E-18	
6.308	-8.278058E-18	
6.31	-8.266822E-18	
6.312	-8.255552E-18	
6.314	-8.244249E-18	
6.316	-8.232913E-18	
6.318	-8.221544E-18	
6.32	-8.210143E-18	
6.322001	-8.198702E-18	
6.324	-8.18724E-18	
6.326	-8.17574E-18	
6.328	-8.164208E-18	
6.33	-8.152642E-18	
6.332	-8.141045E-18	
6.334	-8.129414E-18	
6.336	-8.11775E-18	
6.338	-8.106055E-18	
6.34	-8.094327E-18	
6.342	-8.082565E-18	
6.344	-8.070773E-18	
6.346	-8.058949E-18	
6.348001	-8.047085E-18	
6.35	-8.035202E-18	
6.352	-8.02328E-18	
6.354	-8.011326E-18	
6.356	-7.999341E-18	
6.358	-7.987323E-18	
6.36	-7.975273E-18	
6.362	-7.963191E-18	
6.364	-7.951078E-18	
6.366	-7.938933E-18	
6.368001	-7.92675E-18	
6.37	-7.914548E-18	
6.372	-7.902306E-18	
6.374	-7.890034E-18	
6.376	-7.877731E-18	
6.378	-7.865397E-18	
6.38	-7.853029E-18	
6.382	-7.840632E-18	
6.384	-7.828202E-18	
6.386	-7.815742E-18	
6.388	-7.80325E-18	
6.39	-7.790726E-18	
6.392	-7.778173E-18	
6.394001	-7.765581E-18	
6.396	-7.75297E-18	
6.398	-7.740323E-18	
6.4	-7.727645E-18	
6.402	-7.714936E-18	
6.404	-7.702195E-18	
6.406	-7.689424E-18	
6.408	-7.676623E-18	
6.41	-7.66379E-18	
6.412	-7.650927E-18	
6.414001	-7.638027E-18	
6.416	-7.62511E-18	
6.418	-7.612154E-18	
6.42	-7.599169E-18	
6.422	-7.586154E-18	
6.424	-7.573107E-18	
6.426	-7.560032E-18	
6.428	-7.546925E-18	
6.43	-7.533789E-18	
6.432	-7.520621E-18	
6.434	-7.507425E-18	
6.436	-7.494198E-18	
6.438	-7.480941E-18	
6.440001	-7.467648E-18	
6.442	-7.454337E-18	
6.444	-7.440991E-18	
6.446	-7.427615E-18	
6.448	-7.414208E-18	
6.45	-7.400773E-18	
6.452	-7.387308E-18	
6.454	-7.373813E-18	
6.456	-7.360289E-18	
6.458	-7.346735E-18	
6.460001	-7.333146E-18	
6.462	-7.319539E-18	
6.464	-7.305897E-18	
6.466	-7.292227E-18	
6.468	-7.278527E-18	
6.47	-7.264797E-18	
6.472	-7.25104E-18	
6.474	-7.237252E-18	
6.476	-7.223436E-18	
6.478	-7.20959E-18	
6.48	-7.195717E-18	
6.482	-7.181814E-18	
6.484	-7.167882E-18	
6.486001	-7.153915E-18	
6.488	-7.139934E-18	
6.49	-7.125916E-18	
6.492	-7.111871E-18	
6.494	-7.097796E-18	
6.496	-7.083694E-18	
6.498	-7.069563E-18	
6.5	-7.055403E-18	
6.502	-7.041215E-18	
6.504	-7.027E-18	
6.506001	-7.012749E-18	
6.508	-6.998485E-18	
6.51	-6.984185E-18	
6.512	-6.969857E-18	
6.514	-6.955501E-18	
6.516	-6.941118E-18	
6.518	-6.926707E-18	
6.52	-6.912268E-18	
6.522	-6.897801E-18	
6.524	-6.883307E-18	
6.526	-6.868785E-18	
6.528	-6.854236E-18	
6.53	-6.83966E-18	
6.532001	-6.825048E-18	
6.534	-6.810424E-18	
6.536	-6.795766E-18	
6.538	-6.78108E-18	
6.54	-6.766368E-18	
6.542	-6.751628E-18	
6.544	-6.736861E-18	
6.546	-6.722067E-18	
6.548	-6.707246E-18	
6.55	-6.692399E-18	
6.552001	-6.677517E-18	
6.554	-6.662623E-18	
6.556	-6.647696E-18	
6.558	-6.632742E-18	
6.56	-6.61776E-18	
6.562	-6.602753E-18	
6.564	-6.58772E-18	
6.566	-6.57266E-18	
6.568	-6.557573E-18	
6.57	-6.542461E-18	
6.572001	-6.527315E-18	
6.574	-6.512157E-18	
6.576	-6.496966E-18	
6.578001	-6.481742E-18	
6.58	-6.466507E-18	
6.582	-6.451238E-18	
6.584	-6.435944E-18	
6.586	-6.420623E-18	
6.588	-6.405278E-18	
6.59	-6.389906E-18	
6.592	-6.374509E-18	
6.594	-6.359087E-18	
6.596	-6.343639E-18	
6.598001	-6.328157E-18	
6.6	-6.312666E-18	
6.602	-6.297142E-18	
6.604	-6.281593E-18	
6.606	-6.266019E-18	
6.608	-6.25042E-18	
6.61	-6.234795E-18	
6.612	-6.219146E-18	
6.614	-6.203472E-18	
6.616	-6.187773E-18	
6.618001	-6.172042E-18	
6.62	-6.156301E-18	
6.622	-6.140528E-18	
6.624001	-6.124722E-18	
6.626	-6.108908E-18	
6.628	-6.093062E-18	
6.63	-6.077191E-18	
6.632	-6.061296E-18	
6.634	-6.045376E-18	
6.636	-6.029433E-18	
6.638	-6.013465E-18	
6.64	-5.997473E-18	
6.642	-5.981458E-18	
6.644001	-5.96541E-18	
6.646	-5.949354E-18	
6.648	-5.933267E-18	
6.65	-5.917155E-18	
6.652	-5.901021E-18	
6.654	-5.884863E-18	
6.656	-5.868681E-18	
6.658	-5.852475E-18	
6.66	-5.836246E-18	
6.662	-5.819994E-18	
6.664001	-5.803711E-18	
6.666	-5.78742E-18	
6.668	-5.771099E-18	
6.670001	-5.754746E-18	
6.672	-5.738386E-18	
6.674	-5.721995E-18	
6.676	-5.705581E-18	
6.678	-5.689145E-18	
6.68	-5.672686E-18	
6.682	-5.656204E-18	
6.684	-5.639699E-18	
6.686	-5.623172E-18	
6.688	-5.606622E-18	
6.690001	-5.590042E-18	
6.692	-5.573455E-18	
6.694	-5.556839E-18	
6.696	-5.5402E-18	
6.698	-5.523539E-18	
6.7	-5.506855E-18	
6.702	-5.49015E-18	
6.704	-5.473423E-18	
6.706	-5.456674E-18	
6.708	-5.439903E-18	
6.710001	-5.423102E-18	
6.712	-5.406296E-18	
6.714	-5.38946E-18	
6.716001	-5.372594E-18	
6.718	-5.355723E-18	
6.72	-5.338823E-18	
6.722	-5.321901E-18	
6.724	-5.304958E-18	
6.726	-5.287993E-18	
6.728	-5.271007E-18	
6.73	-5.254001E-18	
6.732	-5.236974E-18	
6.734	-5.219925E-18	
6.736001	-5.202847E-18	
6.738	-5.185766E-18	
6.74	-5.168654E-18	
6.742	-5.151523E-18	
6.744	-5.134371E-18	
6.746	-5.117198E-18	
6.748	-5.100004E-18	
6.75	-5.082791E-18	
6.752	-5.065557E-18	
6.754	-5.048303E-18	
6.756001	-5.03102E-18	
6.758	-5.013734E-18	
6.76	-4.996419E-18	
6.762	-4.979084E-18	
6.764	-4.96173E-18	
6.766	-4.944355E-18	
6.768	-4.926961E-18	
6.77	-4.909547E-18	
6.772	-4.892114E-18	
6.774	-4.874661E-18	
6.776	-4.857188E-18	
6.778	-4.839696E-18	
6.78	-4.822185E-18	
6.782001	-4.804645E-18	
6.784	-4.787104E-18	
6.786	-4.769535E-18	
6.788	-4.751947E-18	
6.79	-4.73434E-18	
6.792	-4.716714E-18	
6.794	-4.699069E-18	
6.796	-4.681406E-18	
6.798	-4.663723E-18	
6.8	-4.646022E-18	
6.802001	-4.628293E-18	
6.804	-4.610564E-18	
6.806	-4.592807E-18	
6.808	-4.575032E-18	
6.81	-4.557239E-18	
6.812	-4.539427E-18	
6.814	-4.521598E-18	
6.816	-4.50375E-18	
6.818	-4.485884E-18	
6.82	-4.468001E-18	
6.822001	-4.45009E-18	
6.824	-4.432179E-18	
6.826	-4.414242E-18	
6.828001	-4.396278E-18	
6.83	-4.378315E-18	
6.832	-4.360325E-18	
6.834	-4.342318E-18	
6.836	-4.324293E-18	
6.838	-4.306251E-18	
6.84	-4.288192E-18	
6.842	-4.270116E-18	
6.844	-4.252022E-18	
6.846	-4.233912E-18	
6.848001	-4.215775E-18	
6.85	-4.19764E-18	
6.852	-4.179479E-18	
6.854	-4.161302E-18	
6.856	-4.143107E-18	
6.858	-4.124896E-18	
6.86	-4.106668E-18	
6.862	-4.088425E-18	
6.864	-4.070164E-18	
6.866	-4.051888E-18	
6.868001	-4.033586E-18	
6.87	-4.015286E-18	
6.872	-3.996961E-18	
6.874001	-3.978611E-18	
6.876	-3.960263E-18	
6.878	-3.941891E-18	
6.88	-3.923503E-18	
6.882	-3.905098E-18	
6.884	-3.886679E-18	
6.886	-3.868243E-18	
6.888	-3.849792E-18	
6.89	-3.831326E-18	
6.892	-3.812845E-18	
6.894001	-3.794339E-18	
6.896	-3.775835E-18	
6.898	-3.757309E-18	
6.9	-3.738767E-18	
6.902	-3.72021E-18	
6.904	-3.701638E-18	
6.906	-3.683051E-18	
6.908	-3.66445E-18	
6.91	-3.645833E-18	
6.912	-3.627203E-18	
6.914001	-3.608548E-18	
6.916	-3.589898E-18	
6.918	-3.571224E-18	
6.920001	-3.552526E-18	
6.922	-3.533833E-18	
6.924	-3.515116E-18	
6.926	-3.496386E-18	
6.928	-3.477641E-18	
6.93	-3.458883E-18	
6.932	-3.44011E-18	
6.934	-3.421324E-18	
6.936	-3.402524E-18	
6.938	-3.383711E-18	
6.940001	-3.364874E-18	
6.942	-3.346043E-18	
6.944	-3.327189E-18	
6.946	-3.308322E-18	
6.948	-3.289442E-18	
6.95	-3.270548E-18	
6.952	-3.251642E-18	
6.954	-3.232722E-18	
6.956	-3.213789E-18	
6.958	-3.194844E-18	
6.960001	-3.175876E-18	
6.962	-3.156915E-18	
6.964	-3.137931E-18	
6.966001	-3.118926E-18	
6.968	-3.099927E-18	
6.97	-3.080906E-18	
6.972	-3.061872E-18	
6.974	-3.042827E-18	
6.976	-3.023769E-18	
6.978	-3.004699E-18	
6.98	-2.985617E-18	
6.982	-2.966524E-18	
6.984	-2.947418E-18	
6.986001	-2.928291E-18	
6.988	-2.909172E-18	
6.99	-2.890031E-18	
6.992	-2.870878E-18	
6.994	-2.851715E-18	
6.996	-2.832539E-18	
6.998	-2.813353E-18	
7	-2.794155E-18	
7.002	-2.774946E-18	
7.004	-2.755726E-18	
7.006001	-2.736485E-18	
7.008	-2.717253E-18	
7.01	-2.698E-18	
7.012001	-2.678727E-18	
7.014	-2.659462E-18	
7.016	-2.640177E-18	
7.018	-2.620881E-18	
7.02	-2.601575E-18	
7.022	-2.582258E-18	
7.024	-2.562932E-18	
7.026	-2.543594E-18	
7.028	-2.524247E-18	
7.03	-2.50489E-18	
7.032001	-2.485513E-18	
7.034	-2.466145E-18	
7.036	-2.446758E-18	
7.038	-2.427361E-18	
7.04	-2.407954E-18	
7.042	-2.388538E-18	
7.044	-2.369112E-18	
7.046	-2.349677E-18	
7.048	-2.330232E-18	
7.05	-2.310778E-18	
7.052001	-2.291305E-18	
7.054	-2.271842E-18	
7.056	-2.25236E-18	
7.058001	-2.23286E-18	
7.06	-2.21337E-18	
7.062	-2.193862E-18	
7.064	-2.174345E-18	
7.066	-2.154819E-18	
7.068	-2.135285E-18	
7.07	-2.115742E-18	
7.072001	-2.09618E-18	
7.074	-2.076631E-18	
7.076	-2.057062E-18	
7.078001	-2.037476E-18	
7.08	-2.017901E-18	
7.082	-1.998309E-18	
7.084	-1.978708E-18	
7.086	-1.9591E-18	
7.088	-1.939483E-18	
7.09	-1.919859E-18	
7.092	-1.900227E-18	
7.094	-1.880588E-18	
7.096	-1.860941E-18	
7.098001	-1.841277E-18	
7.1	-1.821625E-18	
7.102	-1.801956E-18	
7.104001	-1.78227E-18	
7.106	-1.762597E-18	
7.108	-1.742906E-18	
7.11	-1.723209E-18	
7.112	-1.703505E-18	
7.114	-1.683793E-18	
7.116	-1.664076E-18	
7.118001	-1.644341E-18	
7.12	-1.62462E-18	
7.122	-1.604883E-18	
7.124001	-1.585129E-18	
7.126	-1.565388E-18	
7.128	-1.545632E-18	
7.13	-1.525869E-18	
7.132	-1.5061E-18	
7.134	-1.486325E-18	
7.136	-1.466545E-18	
7.138	-1.446758E-18	
7.14	-1.426965E-18	
7.142	-1.407167E-18	
7.144001	-1.387354E-18	
7.146	-1.367554E-18	
7.148	-1.347739E-18	
7.150001	-1.327909E-18	
7.152	-1.308093E-18	
7.154	-1.288263E-18	
7.156	-1.268427E-18	
7.158	-1.248586E-18	
7.16	-1.22874E-18	
7.162	-1.208889E-18	
7.164001	-1.189023E-18	
7.166	-1.169173E-18	
7.168	-1.149308E-18	
7.170001	-1.129428E-18	
7.172	-1.109564E-18	
7.174	-1.089685E-18	
7.176	-1.069802E-18	
7.178	-1.049915E-18	
7.18	-1.030023E-18	
7.182	-1.010127E-18	
7.184	-9.902275E-19	
7.186	-9.703239E-19	
7.188	-9.504165E-19	
7.190001	-9.304951E-19	
7.192	-9.105899E-19	
7.194	-8.906713E-19	
7.196001	-8.70739E-19	
7.198	-8.508232E-19	
7.2	-8.30894E-19	
7.202	-8.109615E-19	
7.204	-7.910258E-19	
7.206	-7.710869E-19	
7.208	-7.511449E-19	
7.210001	-7.311899E-19	
7.212	-7.11252E-19	
7.214	-6.913013E-19	
7.216001	-6.713378E-19	
7.218	-6.513915E-19	
7.22	-6.314327E-19	
7.222	-6.114714E-19	
7.224	-5.915076E-19	
7.226	-5.715414E-19	
7.228	-5.51573E-19	
7.23	-5.316024E-19	
7.232	-5.116296E-19	
7.234	-4.916548E-19	
7.236001	-4.71668E-19	
7.238	-4.516993E-19	
7.24	-4.317188E-19	
7.242001	-4.117266E-19	
7.244	-3.917528E-19	
7.246	-3.717674E-19	
7.248	-3.517805E-19	
7.25	-3.317922E-19	
7.252	-3.118025E-19	
7.254	-2.918116E-19	
7.256001	-2.718096E-19	
7.258	-2.518265E-19	
7.26	-2.318323E-19	
7.262001	-2.118272E-19	
7.264	-1.918413E-19	
7.266	-1.718446E-19	
7.268	-1.518472E-19	
7.27	-1.318493E-19	
7.272	-1.118507E-19	
7.274	-9.185178E-20	
7.276	-7.185246E-20	
7.278	-5.185284E-20	
7.28	-3.185302E-20	
7.282001	-1.184307E-20	
7.284	8.146928E-21	
7.286	2.814689E-20	
7.288001	4.815674E-20	
7.29	6.81464E-20	
7.292	8.814579E-20	
7.294	1.081448E-19	
7.296	1.281434E-19	
7.298	1.481415E-19	
7.3	1.68139E-19	
7.302001	1.881458E-19	
7.304	2.081319E-19	
7.306	2.281271E-19	
7.308001	2.481315E-19	
7.31	2.681148E-19	
7.312	2.881071E-19	
7.314	3.080982E-19	
7.316	3.28088E-19	
7.318	3.480766E-19	
7.32	3.680638E-19	
7.322001	3.880595E-19	
7.324	4.080336E-19	
7.326	4.280161E-19	
7.328001	4.480069E-19	
7.33	4.679759E-19	
7.332	4.879531E-19	
7.334	5.079282E-19	
7.336	5.279014E-19	
7.338	5.478725E-19	
7.34	5.678413E-19	
7.342	5.878079E-19	
7.344	6.077721E-19	
7.346	6.277339E-19	
7.348001	6.477032E-19	
7.35	6.676499E-19	
7.352	6.876039E-19	
7.354001	7.075652E-19	
7.356	7.275036E-19	
7.358	7.474492E-19	
7.36	7.673917E-19	
7.362	7.873312E-19	
7.364	8.072675E-19	
7.366	8.272006E-19	
7.368001	8.471404E-19	
7.37	8.670568E-19	
7.372	8.869798E-19	
7.374001	9.069091E-19	
7.376	9.268149E-19	
7.378	9.467269E-19	
7.38	9.666352E-19	
7.382	9.865396E-19	
7.384	1.00644E-18	
7.386	1.026336E-18	
7.388	1.046229E-18	
7.39	1.066117E-18	
7.392	1.086001E-18	
7.394001	1.10589E-18	
7.396	1.125755E-18	
7.398	1.145626E-18	
7.400001	1.165502E-18	
7.402	1.185353E-18	
7.404	1.20521E-18	
7.406	1.225062E-18	
7.408	1.244909E-18	
7.41	1.264751E-18	
7.412	1.284587E-18	
7.414001	1.304429E-18	
7.416	1.324246E-18	
7.418	1.344067E-18	
7.420001	1.363893E-18	
7.422	1.383693E-18	
7.424	1.403498E-18	
7.426	1.423297E-18	
7.428	1.443091E-18	
7.43	1.462878E-18	
7.432	1.48266E-18	
7.434	1.502436E-18	
7.436	1.522206E-18	
7.438	1.54197E-18	
7.440001	1.561738E-18	
7.442	1.581479E-18	
7.444	1.601224E-18	
7.446001	1.620973E-18	
7.448	1.640695E-18	
7.45	1.660421E-18	
7.452	1.68014E-18	
7.454	1.699852E-18	
7.456	1.719558E-18	
7.458	1.739257E-18	
7.460001	1.758958E-18	
7.462	1.778633E-18	
7.464	1.79831E-18	
7.466001	1.817991E-18	
7.468	1.837644E-18	
7.47	1.857299E-18	
7.472	1.876948E-18	
7.474	1.896589E-18	
7.476	1.916222E-18	
7.478	1.935847E-18	
7.48	1.955465E-18	
7.482	1.975075E-18	
7.484	1.994677E-18	
7.486001	2.014281E-18	
7.488	2.033857E-18	
7.49	2.053435E-18	
7.492001	2.073015E-18	
7.494	2.092566E-18	
7.496	2.112119E-18	
7.498	2.131664E-18	
7.5	2.1512E-18	
7.502	2.170727E-18	
7.504	2.190246E-18	
7.506001	2.209766E-18	
7.508	2.229257E-18	
7.51	2.248749E-18	
7.512001	2.268243E-18	
7.514	2.287707E-18	
7.516	2.307172E-18	
7.518	2.326628E-18	
7.52	2.346074E-18	
7.522	2.365511E-18	
7.524	2.384939E-18	
7.526	2.404357E-18	
7.528	2.423765E-18	
7.53	2.443164E-18	
7.532001	2.462563E-18	
7.534	2.481932E-18	
7.536	2.501302E-18	
7.538001	2.520671E-18	
7.54	2.54001E-18	
7.542	2.559349E-18	
7.544	2.578678E-18	
7.546	2.597996E-18	
7.548	2.617304E-18	
7.55	2.636602E-18	
7.552001	2.655898E-18	
7.554	2.675165E-18	
7.556	2.694431E-18	
7.558001	2.713695E-18	
7.56	2.73293E-18	
7.562	2.752163E-18	
7.564	2.771385E-18	
7.566	2.790596E-18	
7.568	2.809796E-18	
7.57	2.828985E-18	
7.572001	2.848172E-18	
7.574	2.867328E-18	
7.576	2.886483E-18	
7.578001	2.905635E-18	
7.58	2.924757E-18	
7.582	2.943876E-18	
7.584001	2.962994E-18	
7.586	2.98208E-18	
7.588	3.001164E-18	
7.59	3.020236E-18	
7.592	3.039296E-18	
7.594	3.058344E-18	
7.596	3.077379E-18	
7.598001	3.096412E-18	
7.6	3.115414E-18	
7.602	3.134412E-18	
7.604001	3.153407E-18	
7.606	3.172371E-18	
7.608	3.191332E-18	
7.61	3.21028E-18	
7.612	3.229214E-18	
7.614	3.248137E-18	
7.616	3.267046E-18	
7.618001	3.285951E-18	
7.62	3.304824E-18	
7.622	3.323694E-18	
7.624001	3.34256E-18	
7.626	3.361393E-18	
7.628	3.380223E-18	
7.630001	3.399048E-18	
7.632	3.417841E-18	
7.634	3.43663E-18	
7.636	3.455405E-18	
7.638	3.474166E-18	
7.64	3.492913E-18	
7.642	3.511646E-18	
7.644001	3.530375E-18	
7.646	3.549071E-18	
7.648	3.567762E-18	
7.650001	3.586448E-18	
7.652	3.605101E-18	
7.654	3.623749E-18	
7.656	3.642382E-18	
7.658	3.661001E-18	
7.66	3.679605E-18	
7.662	3.698195E-18	
7.664001	3.716779E-18	
7.666	3.735329E-18	
7.668	3.753874E-18	
7.670001	3.772413E-18	
7.672	3.790919E-18	
7.674	3.809418E-18	
7.676001	3.827912E-18	
7.678	3.846371E-18	
7.68	3.864825E-18	
7.682	3.883263E-18	
7.684	3.901686E-18	
7.686	3.920093E-18	
7.688	3.938484E-18	
7.690001	3.956869E-18	
7.692	3.97522E-18	
7.694	3.993564E-18	
7.696001	4.0119E-18	
7.698	4.030203E-18	
7.7	4.048499E-18	
7.702	4.066779E-18	
7.704	4.085042E-18	
7.706	4.103289E-18	
7.708	4.12152E-18	
7.710001	4.139743E-18	
7.712	4.157931E-18	
7.714	4.176112E-18	
7.716001	4.194285E-18	
7.718	4.212423E-18	
7.72	4.230554E-18	
7.722001	4.248676E-18	
7.724	4.266764E-18	
7.726	4.284844E-18	
7.728	4.302906E-18	
7.73	4.320951E-18	
7.732	4.338979E-18	
7.734	4.35699E-18	
7.736001	4.374992E-18	
7.738	4.392959E-18	
7.74	4.410917E-18	
7.742001	4.428866E-18	
7.744	4.44678E-18	
7.746	4.464685E-18	
7.748	4.482572E-18	
7.75	4.500441E-18	
7.752	4.518292E-18	
7.754	4.536125E-18	
7.756001	4.553949E-18	
7.758	4.571736E-18	
7.76	4.589515E-18	
7.762001	4.607284E-18	
7.764	4.625016E-18	
7.766	4.642739E-18	
7.768001	4.660453E-18	
7.77	4.67813E-18	
7.772	4.695797E-18	
7.774	4.713446E-18	
7.776	4.731075E-18	
7.778	4.748686E-18	
7.78	4.766278E-18	
7.782001	4.783858E-18	
7.784	4.801403E-18	
7.786	4.818938E-18	
7.788001	4.836461E-18	
7.79	4.853948E-18	
7.792	4.871424E-18	
7.794	4.888881E-18	
7.796	4.906318E-18	
7.798	4.923736E-18	
7.8	4.941134E-18	
7.802001	4.95852E-18	
7.804	4.97587E-18	
7.806	4.993208E-18	
7.808001	5.010535E-18	
7.81	5.027825E-18	
7.812	5.045103E-18	
7.814001	5.06237E-18	
7.816	5.079599E-18	
7.818	5.096816E-18	
7.82	5.114013E-18	
7.822001	5.131199E-18	
7.824	5.148346E-18	
7.826	5.165482E-18	
7.828001	5.182605E-18	
7.83	5.19969E-18	
7.832	5.216763E-18	
7.834001	5.233824E-18	
7.836	5.250847E-18	
7.838	5.267858E-18	
7.84	5.284847E-18	
7.842	5.301816E-18	
7.844	5.318763E-18	
7.846	5.335688E-18	
7.848001	5.352601E-18	
7.85	5.369476E-18	
7.852	5.386338E-18	
7.854001	5.403186E-18	
7.856	5.419996E-18	
7.858	5.436793E-18	
7.860001	5.453576E-18	
7.862	5.470321E-18	
7.864	5.487052E-18	
7.866	5.503762E-18	
7.868001	5.520457E-18	
7.87	5.537114E-18	
7.872	5.553757E-18	
7.874001	5.570386E-18	
7.876	5.586977E-18	
7.878	5.603553E-18	
7.880001	5.620115E-18	
7.882	5.636638E-18	
7.884	5.653147E-18	
7.886	5.669633E-18	
7.888	5.686097E-18	
7.89	5.702537E-18	
7.892	5.718955E-18	
7.894001	5.735359E-18	
7.896	5.751723E-18	
7.898	5.768072E-18	
7.900001	5.784406E-18	
7.902	5.8007E-18	
7.904	5.81698E-18	
7.906	5.833237E-18	
7.908	5.84947E-18	
7.91	5.86568E-18	
7.912	5.881866E-18	
7.914001	5.898037E-18	
7.916	5.914168E-18	
7.918	5.930283E-18	
7.920001	5.946383E-18	
7.922	5.962443E-18	
7.924	5.978487E-18	
7.926001	5.994515E-18	
7.928	6.010504E-18	
7.93	6.026476E-18	
7.932	6.042424E-18	
7.934	6.058348E-18	
7.936	6.074247E-18	
7.938	6.090123E-18	
7.940001	6.105981E-18	
7.942	6.1218E-18	
7.944	6.137602E-18	
7.946001	6.153388E-18	
7.948	6.169133E-18	
7.95	6.184861E-18	
7.952	6.200565E-18	
7.954	6.216244E-18	
7.956	6.231897E-18	
7.958	6.247526E-18	
7.960001	6.263138E-18	
7.962	6.278709E-18	
7.964	6.294263E-18	
7.966001	6.309799E-18	
7.968	6.325295E-18	
7.97	6.340773E-18	
7.972001	6.356233E-18	
7.974	6.371653E-18	
7.976	6.387055E-18	
7.978	6.402431E-18	
7.98	6.417782E-18	
7.982	6.433106E-18	
7.984	6.448406E-18	
7.986001	6.463687E-18	
7.988	6.478927E-18	
7.99	6.494148E-18	
7.992001	6.509352E-18	
7.994	6.524514E-18	
7.996	6.539657E-18	
7.998	6.554775E-18	
8	6.569866E-18	
8.002001	6.584938E-18	
8.004001	6.599977E-18	
8.006001	6.614989E-18	
8.008	6.629967E-18	
8.01	6.644926E-18	
8.012	6.659859E-18	
8.014	6.674765E-18	
8.016001	6.689652E-18	
8.018001	6.704504E-18	
8.02	6.719323E-18	
8.022	6.734121E-18	
8.024	6.748893E-18	
8.026	6.763638E-18	
8.028001	6.778363E-18	
8.030001	6.793054E-18	
8.032001	6.807718E-18	
8.034	6.822346E-18	
8.036	6.836955E-18	
8.038	6.851537E-18	
8.04	6.866091E-18	
8.042001	6.880625E-18	
8.044001	6.895124E-18	
8.046	6.909589E-18	
8.048	6.924033E-18	
8.05	6.938449E-18	
8.052	6.952838E-18	
8.054001	6.967206E-18	
8.056001	6.981539E-18	
8.058001	6.995844E-18	
8.06	7.010114E-18	
8.062	7.024363E-18	
8.064	7.038583E-18	
8.066	7.052776E-18	
8.068001	7.066948E-18	
8.070001	7.081084E-18	
8.072001	7.095192E-18	
8.074	7.109265E-18	
8.076	7.123315E-18	
8.078	7.137339E-18	
8.08	7.151332E-18	
8.082001	7.165305E-18	
8.084001	7.179242E-18	
8.086	7.193143E-18	
8.088	7.207022E-18	
8.09	7.220872E-18	
8.092	7.234695E-18	
8.094001	7.248494E-18	
8.096001	7.262257E-18	
8.098001	7.275992E-18	
8.1	7.28969E-18	
8.102	7.303367E-18	
8.104	7.317014E-18	
8.106	7.330632E-18	
8.108001	7.344227E-18	
8.110001	7.357786E-18	
8.112	7.371309E-18	
8.114	7.38481E-18	
8.116	7.39828E-18	
8.118	7.411721E-18	
8.120001	7.42514E-18	
8.122001	7.438522E-18	
8.124001	7.451873E-18	
8.126	7.465188E-18	
8.128	7.478481E-18	
8.13	7.491743E-18	
8.132	7.504976E-18	
8.134001	7.518185E-18	
8.136001	7.531358E-18	
8.138	7.544493E-18	
8.14	7.557605E-18	
8.142	7.570687E-18	
8.144	7.583738E-18	
8.146001	7.596766E-18	
8.148001	7.609757E-18	
8.150001	7.622717E-18	
8.152	7.635641E-18	
8.154	7.64854E-18	
8.156	7.661409E-18	
8.158	7.674247E-18	
8.160001	7.687061E-18	
8.162001	7.699837E-18	
8.164001	7.712583E-18	
8.166	7.725292E-18	
8.168	7.737977E-18	
8.17	7.750629E-18	
8.172	7.763251E-18	
8.174001	7.775849E-18	
8.176001	7.788409E-18	
8.178	7.800931E-18	
8.18	7.813429E-18	
8.182	7.825895E-18	
8.184	7.838331E-18	
8.186001	7.850741E-18	
8.188001	7.863113E-18	
8.190001	7.875454E-18	
8.192	7.887757E-18	
8.194	7.900036E-18	
8.196	7.912281E-18	
8.198	7.924495E-18	
8.200001	7.936685E-18	
8.202001	7.948836E-18	
8.204	7.960949E-18	
8.206	7.973037E-18	
8.208	7.985093E-18	
8.21	7.997116E-18	
8.212001	8.009113E-18	
8.214001	8.021074E-18	
8.216001	8.033001E-18	
8.218	8.04489E-18	
8.22	8.056753E-18	
8.222	8.068585E-18	
8.224	8.080383E-18	
8.226001	8.092156E-18	
8.228001	8.10389E-18	
8.23	8.115586E-18	
8.232	8.127255E-18	
8.234	8.138891E-18	
8.236	8.150495E-18	
8.238	8.162067E-18	
8.240001	8.173612E-18	
8.242001	8.185118E-18	
8.244	8.196586E-18	
8.246	8.208026E-18	
8.248	8.219434E-18	
8.25	8.230809E-18	
8.252001	8.242157E-18	
8.254001	8.253466E-18	
8.256001	8.264742E-18	
8.258	8.275979E-18	
8.26	8.287188E-18	
8.262	8.298365E-18	
8.264	8.309509E-18	
8.266001	8.320625E-18	
8.268001	8.331701E-18	
8.27	8.34274E-18	
8.272	8.353751E-18	
8.274	8.364727E-18	
8.276	8.375671E-18	
8.278001	8.386586E-18	
8.280001	8.397462E-18	
8.282001	8.408305E-18	
8.284	8.419109E-18	
8.286	8.429884E-18	
8.288	8.440626E-18	
8.29	8.451334E-18	
8.292001	8.462013E-18	
8.294001	8.472654E-18	
8.296	8.483255E-18	
8.298	8.493828E-18	
8.3	8.504366E-18	
8.302	8.514871E-18	
8.304001	8.525347E-18	
8.306001	8.535783E-18	
8.308001	8.546185E-18	
8.31	8.556547E-18	
8.312	8.566881E-18	
8.314	8.577181E-18	
8.316	8.587447E-18	
8.318001	8.597682E-18	
8.320001	8.607879E-18	
8.322001	8.618042E-18	
8.324	8.628164E-18	
8.326	8.638256E-18	
8.328	8.648315E-18	
8.33	8.658339E-18	
8.332001	8.668333E-18	
8.334001	8.678288E-18	
8.336	8.688203E-18	
8.338	8.698089E-18	
8.34	8.707939E-18	
8.342	8.717753E-18	
8.344001	8.72754E-18	
8.346001	8.737285E-18	
8.348001	8.746996E-18	
8.35	8.756667E-18	
8.352	8.766308E-18	
8.354	8.775913E-18	
8.356	8.785484E-18	
8.358001	8.795024E-18	
8.360001	8.804525E-18	
8.362	8.813985E-18	
8.364	8.823415E-18	
8.366	8.832809E-18	
8.368	8.842169E-18	
8.370001	8.851498E-18	
8.372001	8.860786E-18	
8.374001	8.870039E-18	
8.376	8.879251E-18	
8.378	8.888433E-18	
8.38	8.89758E-18	
8.382	8.90669E-18	
8.384001	8.91577E-18	
8.386001	8.924811E-18	
8.388	8.93381E-18	
8.39	8.942777E-18	
8.392	8.95171E-18	
8.394	8.960607E-18	
8.396001	8.969472E-18	
8.398001	8.978296E-18	
8.400001	8.987086E-18	
8.402	8.995834E-18	
8.404	9.004551E-18	
8.406	9.013232E-18	
8.408	9.021877E-18	
8.410001	9.03049E-18	
8.412001	9.039062E-18	
8.414001	9.047599E-18	
8.416	9.056096E-18	
8.418	9.064559E-18	
8.42	9.072987E-18	
8.422	9.081379E-18	
8.424001	9.089738E-18	
8.426001	9.098058E-18	
8.428	9.106335E-18	
8.43	9.114582E-18	
8.432	9.122791E-18	
8.434	9.130965E-18	
8.436001	9.139105E-18	
8.438001	9.147205E-18	
8.440001	9.155269E-18	
8.442	9.163292E-18	
8.444	9.171281E-18	
8.446	9.179235E-18	
8.448	9.187152E-18	
8.450001	9.195036E-18	
8.452001	9.202879E-18	
8.454	9.210681E-18	
8.456	9.218451E-18	
8.458	9.226183E-18	
8.46	9.233879E-18	
8.462001	9.241543E-18	
8.464001	9.249164E-18	
8.466001	9.256749E-18	
8.468	9.264293E-18	
8.47	9.271804E-18	
8.472	9.279278E-18	
8.474	9.286715E-18	
8.476001	9.294118E-18	
8.478001	9.30148E-18	
8.48	9.308802E-18	
8.482	9.316089E-18	
8.484	9.32334E-18	
8.486	9.330553E-18	
8.488001	9.337733E-18	
8.490001	9.344871E-18	
8.492001	9.351972E-18	
8.494	9.359032E-18	
8.496	9.366059E-18	
8.498	9.373048E-18	
8.5	9.38E-18	
8.502001	9.386917E-18	
8.504001	9.393793E-18	
8.506001	9.400632E-18	
8.508	9.40743E-18	
8.51	9.414194E-18	
8.512	9.42092E-18	
8.514	9.427608E-18	
8.516001	9.434261E-18	
8.518001	9.440875E-18	
8.52	9.447446E-18	
8.522	9.453984E-18	
8.524	9.460483E-18	
8.526	9.466945E-18	
8.528001	9.473371E-18	
8.530001	9.479758E-18	
8.532001	9.486106E-18	
8.534	9.492412E-18	
8.536	9.498684E-18	
8.538	9.504917E-18	
8.54	9.511114E-18	
8.542001	9.517275E-18	
8.544001	9.523395E-18	
8.546	9.529473E-18	
8.548	9.535517E-18	
8.55	9.541523E-18	
8.552	9.54749E-18	
8.554001	9.553422E-18	
8.556001	9.559314E-18	
8.558001	9.565166E-18	
8.56	9.570977E-18	
8.562	9.576754E-18	
8.564	9.582491E-18	
8.566	9.58819E-18	
8.568001	9.593855E-18	
8.570001	9.599477E-18	
8.572001	9.605062E-18	
8.574	9.610605E-18	
8.576	9.616113E-18	
8.578	9.621582E-18	
8.580001	9.627015E-18	
8.582001	9.632407E-18	
8.584001	9.637761E-18	
8.586	9.643073E-18	
8.588	9.64835E-18	
8.59	9.653587E-18	
8.592	9.658787E-18	
8.594001	9.663949E-18	
8.596001	9.669072E-18	
8.598001	9.674155E-18	
8.6	9.679197E-18	
8.602	9.684203E-18	
8.604	9.689169E-18	
8.606	9.694098E-18	
8.608001	9.69899E-18	
8.610001	9.70384E-18	
8.612	9.70865E-18	
8.614	9.713424E-18	
8.616	9.718158E-18	
8.618	9.722853E-18	
8.620001	9.727512E-18	
8.622001	9.73213E-18	
8.624001	9.736708E-18	
8.626	9.741245E-18	
8.628	9.745746E-18	
8.63	9.750208E-18	
8.632	9.754631E-18	
8.634001	9.759016E-18	
8.636001	9.763362E-18	
8.638	9.767665E-18	
8.64	9.771932E-18	
8.642	9.77616E-18	
8.644	9.780347E-18	
8.646001	9.784499E-18	
8.648001	9.788609E-18	
8.650001	9.792679E-18	
8.652	9.796709E-18	
8.654	9.800702E-18	
8.656	9.804655E-18	
8.658	9.80857E-18	
8.660001	9.812447E-18	
8.662001	9.816283E-18	
8.664001	9.820079E-18	
8.666	9.823834E-18	
8.668	9.827552E-18	
8.67	9.831231E-18	
8.672001	9.834871E-18	
8.674001	9.838471E-18	
8.676001	9.842032E-18	
8.678	9.845552E-18	
8.68	9.849034E-18	
8.682	9.852476E-18	
8.684	9.855879E-18	
8.686001	9.859244E-18	
8.688001	9.862569E-18	
8.690001	9.865853E-18	
8.692	9.869097E-18	
8.694	9.872302E-18	
8.696	9.875469E-18	
8.698	9.878595E-18	
8.700001	9.881684E-18	
8.702001	9.884731E-18	
8.704	9.887739E-18	
8.706	9.890707E-18	
8.708	9.893636E-18	
8.71	9.896525E-18	
8.712001	9.899377E-18	
8.714001	9.902187E-18	
8.716001	9.904958E-18	
8.718	9.907687E-18	
8.72	9.910379E-18	
8.722	9.91303E-18	
8.724	9.915642E-18	
8.726001	9.918216E-18	
8.728001	9.920749E-18	
8.73	9.923241E-18	
8.732	9.925695E-18	
8.734	9.928108E-18	
8.736	9.930482E-18	
8.738001	9.932818E-18	
8.740001	9.935112E-18	
8.742001	9.937367E-18	
8.744	9.939581E-18	
8.746	9.941756E-18	
8.748	9.943892E-18	
8.75	9.945988E-18	
8.752001	9.948045E-18	
8.754001	9.950061E-18	
8.756001	9.952037E-18	
8.758	9.953973E-18	
8.76	9.95587E-18	
8.762	9.957727E-18	
8.764001	9.959544E-18	
8.766001	9.961323E-18	
8.768001	9.96306E-18	
8.77	9.964756E-18	
8.772	9.966414E-18	
8.774	9.968032E-18	
8.776	9.96961E-18	
8.778001	9.971149E-18	
8.780001	9.972647E-18	
8.782001	9.974105E-18	
8.784	9.975523E-18	
8.786	9.976901E-18	
8.788	9.978241E-18	
8.79	9.979539E-18	
8.792001	9.980798E-18	
8.794001	9.982017E-18	
8.796	9.983196E-18	
8.798	9.984334E-18	
8.8	9.985434E-18	
8.802	9.986493E-18	
8.804001	9.987512E-18	
8.806001	9.988492E-18	
8.808001	9.989431E-18	
8.81	9.990329E-18	
8.812	9.99119E-18	
8.814	9.992008E-18	
8.816	9.992788E-18	
8.818001	9.993528E-18	
8.820001	9.994227E-18	
8.822001	9.994887E-18	
8.824	9.995506E-18	
8.826	9.996086E-18	
8.828	9.996625E-18	
8.830001	9.997125E-18	
8.832001	9.997584E-18	
8.834001	9.998004E-18	
8.836	9.998384E-18	
8.838	9.998723E-18	
8.84	9.999023E-18	
8.842	9.999283E-18	
8.844001	9.999502E-18	
8.846001	9.999682E-18	
8.848001	9.999821E-18	
8.85	9.999921E-18	
8.852	9.999981E-18	
8.854	1E-17	
8.856	9.999979E-18	
8.858001	9.999919E-18	
8.860001	9.999819E-18	
8.862	9.999678E-18	
8.864	9.999498E-18	
8.866	9.999278E-18	
8.868	9.999018E-18	
8.870001	9.998717E-18	
8.872001	9.998376E-18	
8.874001	9.997996E-18	
8.876	9.997576E-18	
8.878	9.997116E-18	
8.88	9.996615E-18	
8.882	9.996075E-18	
8.884001	9.995494E-18	
8.886001	9.994875E-18	
8.888	9.994215E-18	
8.89	9.993515E-18	
8.892	9.992774E-18	
8.894	9.991994E-18	
8.896001	9.991173E-18	
8.898001	9.990314E-18	
8.900001	9.989413E-18	
8.902	9.988473E-18	
8.904	9.987494E-18	
8.906	9.986474E-18	
8.908	9.985413E-18	
8.910001	9.984313E-18	
8.912001	9.983173E-18	
8.914001	9.981994E-18	
8.916	9.980775E-18	
8.918	9.979515E-18	
8.92	9.978215E-18	
8.922001	9.976875E-18	
8.924001	9.975497E-18	
8.926001	9.974078E-18	
8.928	9.972619E-18	
8.93	9.97112E-18	
8.932	9.969581E-18	
8.934	9.968002E-18	
8.936001	9.966383E-18	
8.938001	9.964724E-18	
8.940001	9.963026E-18	
8.942	9.961289E-18	
8.944	9.95951E-18	
8.946	9.957694E-18	
8.948	9.955835E-18	
8.950001	9.953937E-18	
8.952001	9.951999E-18	
8.954	9.950023E-18	
8.956	9.948006E-18	
8.958	9.94595E-18	
8.96	9.943852E-18	
8.962001	9.941716E-18	
8.964001	9.93954E-18	
8.966001	9.937324E-18	
8.968	9.935069E-18	
8.97	9.932774E-18	
8.972	9.930439E-18	
8.974	9.928065E-18	
8.976001	9.925649E-18	
8.978001	9.923194E-18	
8.98	9.920701E-18	
8.982	9.918169E-18	
8.984	9.915595E-18	
8.986	9.912982E-18	
8.988001	9.910328E-18	
8.990001	9.907637E-18	
8.992001	9.904905E-18	
8.994	9.902134E-18	
8.996	9.899323E-18	
8.998	9.896473E-18	
9	0	
9.002001	0	
9.004001	0	
9.006001	0	
9.008	0	
9.01	0	
9.012	0	
9.014001	0	
9.016001	0	
9.018001	0	
9.02	0	
9.022	0	
9.024	0	
9.026	0	
9.028001	0	
9.030001	0	
9.032001	0	
9.034	0	
9.036	0	
9.038	0	
9.04	0	
9.042001	0	
9.044001	0	
9.046	0	
9.048	0	
9.05	0	
9.052	0	
9.054001	0	
9.056001	0	
9.058001	0	
9.06	0	
9.062	0	
9.064	0	
9.066	0	
9.068001	0	
9.070001	0	
9.072001	0	
9.074	0	
9.076	0	
9.078	0	
9.080001	0	
9.082001	0	
9.084001	0	
9.086	0	
9.088	0	
9.09	0	
9.092	0	
9.094001	0	
9.096001	0	
9.098001	0	
9.1	0	
9.102	0	
9.104	0	
9.106001	0	
9.108001	0	
9.110001	0	
9.112	0	
9.114	0	
9.116	0	
9.118	0	
9.120001	0	
9.122001	0	
9.124001	0	
9.126	0	
9.128	0	
9.13	0	
9.132	0	
9.134001	0	
9.136001	0	
9.138	0	
9.14	0	
9.142	0	
9.144	0	
9.146001	0	
9.148001	0	
9.150001	0	
9.152	0	
9.154	0	
9.156	0	
9.158	0	
9.160001	0	
9.162001	0	
9.164001	0	
9.166	0	
9.168	0	
9.17	0	
9.172001	0	
9.174001	0	
9.176001	0	
9.178	0	
9.18	0	
9.182	0	
9.184	0	
9.186001	0	
9.188001	0	
9.190001	0	
9.192	0	
9.194	0	
9.196	0	
9.198001	0	
9.200001	0	
9.202001	0	
9.204	0	
9.206	0	
9.208	0	
9.21	0	
9.212001	0	
9.214001	0	
9.216001	0	
9.218	0	
9.22	0	
9.222	0	
9.224	0	
9.226001	0	
9.228001	0	
9.23	0	
9.232	0	
9.234	0	
9.236	0	
9.238001	0	
9.240001	0	
9.242001	0	
9.244	0	
9.246	0	
9.248	0	
9.25	0	
9.252001	0	
9.254001	0	
9.256001	0	
9.258	0	
9.26	0	
9.262	0	
9.264001	0	
9.266001	0	
9.268001	0	
9.27	0	
9.272	0	
9.274	0	
9.276	0	
9.278001	0	
9.280001	0	
9.282001	0	
9.284	0	
9.286	0	
9.288	0	
9.290001	0	
9.292001	0	
9.294001	0	
9.296	0	
9.298	0	
9.3	0	
9.302	0	
9.304001	0	
9.306001	0	
9.308001	0	
9.31	0	
9.312	0	
9.314	0	
9.316	0	
9.318001	0	
9.320001	0	
9.322001	0	
9.324	0	
9.326	0	
9.328	0	
9.330001	0	
9.332001	0	
9.334001	0	
9.336	0	
9.338	0	
9.34	0	
9.342	0	
9.344001	0	
9.346001	0	
9.348001	0	
9.35	0	
9.352	0	
9.354	0	
9.356001	0	
9.358001	0	
9.360001	0	
9.362	0	
9.364	0	
9.366	0	
9.368	0	
9.370001	0	
9.372001	0	
9.374001	0	
9.376	0	
9.378	0	
9.38	0	
9.382	0	
9.384001	0	
9.386001	0	
9.388	0	
9.39	0	
9.392	0	
9.394	0	
9.396001	0	
9.398001	0	
9.400001	0	
9.402	0	
9.404	0	
9.406	0	
9.408	0	
9.410001	0	
9.412001	0	
9.414001	0	
9.416	0	
9.418	0	
9.42	0	
9.422001	0	
9.424001	0	
9.426001	0	
9.428	0	
9.43	0	
9.432	0	
9.434	0	
9.436001	0	
9.438001	0	
9.440001	0	
9.442	0	
9.444	0	
9.446	0	
9.448001	0	
9.450001	0	
9.452001	0	
9.454	0	
9.456	0	
9.458	0	
9.46	0	
9.462001	0	
9.464001	0	
9.466001	0	
9.468	0	
9.47	0	
9.472	0	
9.474	0	
9.476001	0	
9.478001	0	
9.48	0	
9.482	0	
9.484	0	
9.486	0	
9.488001	0	
9.490001	0	
9.492001	0	
9.494	0	
9.496	0	
9.498	0	
9.5	0	
9.502001	0	
9.504001	0	
9.506001	0	
9.508	0	
9.51	0	
9.512	0	
9.514001	0	
9.516001	0	
9.518001	0	
9.52	0	
9.522	0	
9.524	0	
9.526	0	
9.528001	0	
9.530001	0	
9.532001	0	
9.534	0	
9.536	0	
9.538	0	
9.540001	0	
9.542001	0	
9.544001	0	
9.546	0	
9.548	0	
9.55	0	
9.552	0	
9.554001	0	
9.556001	0	
9.558001	0	
9.56	0	
9.562	0	
9.564	0	
9.566	0	
9.568001	0	
9.570001	0	
9.572001	0	
9.574	0	
9.576	0	
9.578	0	
9.580001	0	
9.582001	0	
9.584001	0	
9.586	0	
9.588	0	
9.59	0	
9.592	0	
9.594001	0	
9.596001	0	
9.598001	0	
9.6	0	
9.602	0	
9.604	0	
9.606001	0	
9.608001	0	
9.610001	0	
9.612	0	
9.614	0	
9.616	0	
9.618	0	
9.620001	0	
9.622001	0	
9.624001	0	
9.626	0	
9.628	0	
9.63	0	
9.632001	0	
9.634001	0	
9.636001	0	
9.638	0	
9.64	0	
9.642	0	
9.644	0	
9.646001	0	
9.648001	0	
9.650001	0	
9.652	0	
9.654	0	
9.656	0	
9.658	0	
9.660001	0	
9.662001	0	
9.664001	0	
9.666	0	
9.668	0	
9.67	0	
9.672001	0	
9.674001	0	
9.676001	0	
9.678	0	
9.68	0	
9.682	0	
9.684	0	
9.686001	0	
9.688001	0	
9.690001	0	
9.692	0	
9.694	0	
9.696	0	
9.698001	0	
9.700001	0	
9.702001	0	
9.704	0	
9.706	0	
9.708	0	
9.71	0	
9.712001	0	
9.714001	0	
9.716001	0	
9.718	0	
9.72	0	
9.722	0	
9.724001	0	
9.726001	0	
9.728001	0	
9.73	0	
9.732	0	
9.734	0	
9.736	0	
9.738001	0	
9.740001	0	
9.742001	0	
9.744	0	
9.746	0	
9.748	0	
9.75	0	
9.752001	0	
9.754001	0	
9.756001	0	
9.758	0	
9.76	0	
9.762	0	
9.764001	0	
9.766001	0	
9.768001	0	
9.77	0	
9.772	0	
9.774	0	
9.776	0	
9.778001	0	
9.780001	0	
9.782001	0	
9.784	0	
9.786	0	
9.788	0	
9.790001	0	
9.792001	0	
9.794001	0	
9.796	0	
9.798	0	
9.8	0	
9.802	0	
9.804001	0	
9.806001	0	
9.808001	0	
9.81	0	
9.812	0	
9.814	0	
9.816001	0	
9.818001	0	
9.820001	0	
9.822001	0	
9.824	0	
9.826	0	
9.828	0	
9.830001	0	
9.832001	0	
9.834001	0	
9.836	0	
9.838	0	
9.84	0	
9.842	0	
9.844001	0	
9.846001	0	
9.848001	0	
9.85	0	
9.852	0	
9.854	0	
9.856001	0	
9.858001	0	
9.860001	0	
9.862	0	
9.864	0	
9.866	0	
9.868	0	
9.870001	0	
9.872001	0	
9.874001	0	
9.876	0	
9.878	0	
9.88	0	
9.882001	0	
9.884001	0	
9.886001	0	
9.888	0	
9.89	0	
9.892	0	
9.894	0	
9.896001	0	
9.898001	0	
9.900001	0	
9.902	0	
9.904	0	
9.906	0	
9.908001	0	
9.910001	0	
9.912001	0	
9.914001	0	
9.916	0	
9.918	0	
9.92	0	
9.922001	0	
9.924001	0	
9.926001	0	
9.928	0	
9.93	0	
9.932	0	
9.934	0	
9.936001	0	
9.938001	0	
9.940001	0	
9.942	0	
9.944	0	
9.946	0	
9.948001	0	
9.950001	0	
9.952001	0	
9.954	0	
9.956	0	
9.958	0	
9.96	0	
9.962001	0	
9.964001	0	
9.966001	0	
9.968	0	
9.97	0	
9.972	0	
9.974001	0	
9.976001	0	
9.978001	0	
9.98	0	
9.982	0	
9.984	0	
9.986	0	
9.988001	0	
9.990001	0	
9.992001	0	
9.994	0	
9.996	0	
9.998	0	
10	0	
