Time	5ExternalOff	7ExternalOff	6SynapticOff	5FFOff	6FFOff	7FFOff	8SynapticOn	9ExternalOn	5ExternalOn	9FFon	5FFOn	8FFOn	
0	0	0	0	0	0	0	0	0	0	0	0	0	
0.002	0	0	0	0	0	0	0	0	0	0	0	0	
0.004	0	0	0	0	0	0	0	0	0	0	0	0	
0.006	0	0	0	0	0	0	0	0	0	0	0	0	
0.008	0	0	0	0	0	0	0	0	0	0	0	0	
0.01	0	0	0	0	0	0	0	0	0	0	0	0	
0.012	0	0	0	0	0	0	0	0	0	0	0	0	
0.014	0	0	0	0	0	0	0	0	0	0	0	0	
0.016	0	0	0	0	0	0	0	0	0	0	0	0	
0.018	0	0	0	0	0	0	0	0	0	0	0	0	
0.02	0	0	0	0	0	0	0	0	0	0	0	0	
0.022	0	0	0	0	0	0	0	0	0	0	0	0	
0.024	0	0	0	0	0	0	0	0	0	0	0	0	
0.026	0	0	0	0	0	0	0	0	0	0	0	0	
0.028	0	0	0	0	0	0	0	0	0	0	0	0	
0.03	0	0	0	0	0	0	0	0	0	0	0	0	
0.032	0	0	0	0	0	0	0	0	0	0	0	0	
0.034	0	0	0	0	0	0	0	0	0	0	0	0	
0.036	0	0	0	0	0	0	0	0	0	0	0	0	
0.038	0	0	0	0	0	0	0	0	0	0	0	0	
0.04	0	0	0	0	0	0	0	0	0	0	0	0	
0.042	0	0	0	0	0	0	0	0	0	0	0	0	
0.044	0	0	0	0	0	0	0	0	0	0	0	0	
0.046	0	0	0	0	0	0	0	0	0	0	0	0	
0.048	0	0	0	0	0	0	0	0	0	0	0	0	
0.05	0	0	0	0	0	0	0	0	0	0	0	0	
0.052	0	0	0	0	0	0	0	0	0	0	0	0	
0.054	0	0	0	0	0	0	0	0	0	0	0	0	
0.056	0	0	0	0	0	0	0	0	0	0	0	0	
0.058	0	0	0	0	0	0	0	0	0	0	0	0	
0.06	0	0	0	0	0	0	0	0	0	0	0	0	
0.062	0	0	0	0	0	0	0	0	0	0	0	0	
0.064	0	0	0	0	0	0	0	0	0	0	0	0	
0.066	0	0	0	0	0	0	0	0	0	0	0	0	
0.068	0	0	0	0	0	0	0	0	0	0	0	0	
0.07	0	0	0	0	0	0	0	0	0	0	0	0	
0.072	0	0	0	0	0	0	0	0	0	0	0	0	
0.074	0	0	0	0	0	0	0	0	0	0	0	0	
0.07600001	0	0	0	0	0	0	0	0	0	0	0	0	
0.078	0	0	0	0	0	0	0	0	0	0	0	0	
0.08000001	0	0	0	0	0	0	0	0	0	0	0	0	
0.082	0	0	0	0	0	0	0	0	0	0	0	0	
0.08400001	0	0	0	0	0	0	0	0	0	0	0	0	
0.086	0	0	0	0	0	0	0	0	0	0	0	0	
0.08800001	0	0	0	0	0	0	0	0	0	0	0	0	
0.09	0	0	0	0	0	0	0	0	0	0	0	0	
0.09200001	0	0	0	0	0	0	0	0	0	0	0	0	
0.094	0	0	0	0	0	0	0	0	0	0	0	0	
0.096	0	0	0	0	0	0	0	0	0	0	0	0	
0.098	0	0	0	0	0	0	0	0	0	0	0	0	
0.1	-2E-09	0	0	0	0	0	0	0	-2E-09	0	0	0	
0.102	-2E-09	0	0	0	0	0	0	0	-2E-09	0	0	0	
0.104	-2E-09	0	0	0	0	0	0	0	-2E-09	0	0	0	
0.106	-2E-09	0	0	0	0	0	0	0	-2E-09	0	0	0	
0.108	-2E-09	0	0	0	0	0	0	0	-2E-09	0	0	0	
0.11	-2E-09	0	0	0	0	0	0	0	-2E-09	0	0	0	
0.112	-2E-09	0	0	0	0	0	0	0	-2E-09	0	0	0	
0.114	-2E-09	0	0	0	0	0	0	0	-2E-09	0	0	0	
0.116	-2E-09	0	0	0	0	0	0	0	-2E-09	0	0	0	
0.118	-2E-09	0	0	0	0	0	0	0	-2E-09	0	0	0	
0.12	-2E-09	0	0	0	0	0	0	0	-2E-09	0	0	0	
0.122	-2E-09	0	0	0	0	0	0	0	-2E-09	0	0	0	
0.124	-2E-09	0	0	0	0	0	0	0	-2E-09	0	0	0	
0.126	-2E-09	0	0	0	0	0	0	0	-2E-09	0	0	0	
0.128	-2E-09	0	0	0	0	0	0	0	-2E-09	0	0	0	
0.13	-2E-09	0	0	0	0	0	0	0	-2E-09	0	0	0	
0.132	-2E-09	0	0	0	0	0	0	0	-2E-09	0	0	0	
0.134	-2E-09	0	0	0	0	0	0	0	-2E-09	0	0	0	
0.136	-2E-09	0	0	0	0	0	0	0	-2E-09	0	0	0	
0.138	-2E-09	0	0	0	0	0	0	0	-2E-09	0	0	0	
0.14	-2E-09	0	0	0	0	0	0	0	-2E-09	0	0	0	
0.142	-2E-09	0	0	0	0	0	0	0	-2E-09	0	0	0	
0.144	-2E-09	0	0	0	0	0	0	0	-2E-09	0	0	0	
0.146	-2E-09	0	0	0	0	0	0	0	-2E-09	0	0	0	
0.148	-2E-09	0	0	0	0	0	0	0	-2E-09	0	0	0	
0.15	-2E-09	0	0	0	0	0	0	0	-2E-09	0	0	0	
0.152	-2E-09	0	0	0	0	0	0	0	-2E-09	0	0	0	
0.154	-2E-09	0	0	0	0	0	0	0	-2E-09	0	0	0	
0.156	-2E-09	0	0	0	0	0	0	0	-2E-09	0	0	0	
0.158	-2E-09	0	0	0	0	0	0	0	-2E-09	0	0	0	
0.16	-2E-09	0	0	0	0	0	0	0	-2E-09	0	0	0	
0.162	-2E-09	0	0	0	0	0	0	0	-2E-09	0	0	0	
0.164	-2E-09	0	0	0	0	0	0	0	-2E-09	0	0	0	
0.166	-2E-09	0	0	0	0	0	0	0	-2E-09	0	0	0	
0.168	-2E-09	0	0	0	0	0	0	0	-2E-09	0	0	0	
0.17	-2E-09	0	0	0	0	0	0	0	-2E-09	0	0	0	
0.172	-2E-09	0	0	0	0	0	0	0	-2E-09	0	0	0	
0.174	-2E-09	0	0	0	0	0	0	0	-2E-09	0	0	0	
0.176	-2E-09	0	0	0	0	0	0	0	-2E-09	0	0	0	
0.178	-2E-09	0	0	0	0	0	0	0	-2E-09	0	0	0	
0.18	-2E-09	0	0	0	0	0	0	0	-2E-09	0	0	0	
0.182	-2E-09	0	0	0	0	0	0	0	-2E-09	0	0	0	
0.184	-2E-09	0	0	0	0	0	0	0	-2E-09	0	0	0	
0.186	-2E-09	0	0	0	0	0	0	0	-2E-09	0	0	0	
0.188	-2E-09	0	0	0	0	0	0	0	-2E-09	0	0	0	
0.19	-2E-09	0	0	0	0	0	0	0	-2E-09	0	0	0	
0.192	-2E-09	0	0	0	0	0	0	0	-2E-09	0	0	0	
0.194	-2E-09	0	0	0	0	0	0	0	-2E-09	0	0	0	
0.196	-2E-09	0	0	0	0	0	0	0	-2E-09	0	0	0	
0.198	-2E-09	0	0	0	0	0	0	0	-2E-09	0	0	0	
0.2	0	0	0	0	0	0	0	0	0	0	0	0	
0.202	0	0	0	0	0	0	0	0	0	0	0	0	
0.204	0	0	0	0	0	0	0	0	0	0	0	0	
0.206	0	0	0	0	0	0	0	0	0	0	0	0	
0.208	0	0	0	0	0	0	0	0	0	0	0	0	
0.21	0	0	0	0	0	0	0	0	0	0	0	0	
0.212	0	0	0	0	0	0	0	0	0	0	0	0	
0.214	0	0	0	0	0	0	0	0	0	0	0	0	
0.216	0	0	0	0	0	0	0	0	0	0	0	0	
0.218	0	0	0	0	0	0	0	0	0	0	0	0	
0.22	0	0	0	0	0	0	0	0	0	0	0	0	
0.222	0	0	0	0	0	0	0	0	0	0	0	0	
0.224	0	0	0	0	0	0	0	0	0	0	0	0	
0.226	0	0	0	0	0	0	0	0	0	0	0	0	
0.228	0	0	0	0	0	0	0	0	0	0	0	0	
0.23	0	0	0	0	0	0	0	0	0	0	0	0	
0.232	0	0	0	0	0	0	0	0	0	0	0	0	
0.234	0	0	0	0	0	0	0	0	0	0	0	0	
0.236	0	0	0	0	0	0	0	0	0	0	0	0	
0.238	0	0	0	0	0	0	0	0	0	0	0	0	
0.24	0	0	0	0	0	0	0	0	0	0	0	0	
0.242	0	0	0	0	0	0	0	0	0	0	0	0	
0.244	0	0	0	0	0	0	0	0	0	0	0	0	
0.246	0	0	0	0	0	0	0	0	0	0	0	0	
0.248	0	0	0	0	0	0	0	0	0	0	0	0	
0.25	0	0	0	0	0	0	0	0	0	0	0	0	
0.252	0	0	0	0	0	0	0	0	0	0	0	0	
0.254	0	0	0	0	0	0	0	0	0	0	0	0	
0.256	0	0	0	0	0	0	0	0	0	0	0	0	
0.258	0	0	0	0	0	0	0	0	0	0	0	0	
0.26	0	0	0	0	0	0	0	0	0	0	0	0	
0.262	0	0	0	0	0	0	0	0	0	0	0	0	
0.264	0	0	0	0	0	0	0	0	0	0	0	0	
0.266	0	0	0	0	0	0	0	0	0	0	0	0	
0.268	0	0	0	0	0	0	0	0	0	0	0	0	
0.27	0	0	0	0	0	0	0	0	0	0	0	0	
0.272	0	0	0	0	0	0	0	0	0	0	0	0	
0.274	0	0	0	0	0	0	0	0	0	0	0	0	
0.276	0	0	0	0	0	0	0	0	0	0	0	0	
0.278	0	0	0	0	0	0	0	0	0	0	0	0	
0.28	0	0	0	0	0	0	0	0	0	0	0	0	
0.282	0	0	0	0	0	0	0	0	0	0	0	0	
0.284	0	0	0	0	0	0	0	0	0	0	0	0	
0.286	0	0	0	0	0	0	0	0	0	0	0	0	
0.288	0	0	0	0	0	0	0	0	0	0	0	0	
0.29	0	0	0	0	0	0	0	0	0	0	0	0	
0.292	0	0	0	0	0	0	0	0	0	0	0	0	
0.294	0	0	0	0	0	0	0	0	0	0	0	0	
0.296	0	0	0	0	0	0	0	0	0	0	0	0	
0.298	0	0	0	0	0	0	0	0	0	0	0	0	
0.3	2E-09	0	0	0	0	0	0	0	2E-09	0	0	0	
0.302	2E-09	0	0	0.03999772	0	0	0	0	2E-09	0	0.03999772	0	
0.304	2E-09	0	0	0.07199817	0	0	1.999886E-10	0	2E-09	0	0.07199817	0.003999772	
0.306	2E-09	0	0	0.09759854	0	0	3.599908E-10	0	2E-09	0	0.09759854	0.01039963	
0.308	2E-09	0	0	0.1180788	0	0	4.879927E-10	0	2E-09	0	0.1180788	0.01807956	
0.31	2E-09	0	0	0.1344631	0	0	5.903941E-10	0	2E-09	0	0.1344631	0.02627153	
0.312	2E-09	0	0	0.1475705	0	0	6.723154E-10	0	2E-09	0	0.1475705	0.03446354	
0.314	2E-09	0	0	0.1580563	0	0	7.378523E-10	0	2E-09	0	0.1580563	0.04232787	
0.316	2E-09	0	0	0.1664451	0	0	7.902817E-10	0	2E-09	0	0.1664451	0.04966794	
0.318	2E-09	0	0	0.1731561	0	0	8.322254E-10	0	2E-09	0	0.1731561	0.05637886	
0.32	2E-09	0	0	0.1785249	0	0	8.657803E-10	0	2E-09	0	0.1785249	0.06241869	
0.322	2E-09	0	0	0.1828199	0	0	8.926243E-10	0	2E-09	0	0.1828199	0.06778744	
0.324	2E-09	0	0	0.1862559	0	0	9.140994E-10	0	2E-09	0	0.1862559	0.07251194	
0.326	2E-09	0	0	0.1890047	0	0	9.312795E-10	0	2E-09	0	0.1890047	0.07663514	
0.328	2E-09	0	0	0.1912038	0	0	9.450236E-10	0	2E-09	0	0.1912038	0.08020859	
0.33	2E-09	0	0	0.192963	0	0	9.560189E-10	0	2E-09	0	0.192963	0.08328725	
0.332	2E-09	0	0	0.1943704	0	0	9.648151E-10	0	2E-09	0	0.1943704	0.08592612	
0.334	2E-09	0	0	0.1954964	0	0	9.718522E-10	0	2E-09	0	0.1954964	0.08817793	
0.336	2E-09	0	0	0.1963971	0	0	9.774818E-10	0	2E-09	0	0.1963971	0.09009197	
0.338	2E-09	0	0	0.1971176	0	0	9.819853E-10	0	2E-09	0	0.1971176	0.09171329	
0.34	2E-09	0	0	0.1976941	0	0	9.855882E-10	0	2E-09	0	0.1976941	0.0930824	
0.342	2E-09	0	0	0.1981553	0	0	9.884706E-10	0	2E-09	0	0.1981553	0.09423532	
0.344	2E-09	0	0	0.1985242	0	0	9.907765E-10	0	2E-09	0	0.1985242	0.09520379	
0.346	2E-09	0	0	0.1988194	0	0	9.926211E-10	0	2E-09	0	0.1988194	0.09601545	
0.348	2E-09	0	0	0.1990555	0	0	9.940968E-10	0	2E-09	0	0.1990555	0.09669431	
0.35	2E-09	0	0	0.1992444	0	0	9.952775E-10	0	2E-09	0	0.1992444	0.097261	
0.352	2E-09	0	0	0.1993955	0	0	9.96222E-10	0	2E-09	0	0.1993955	0.09773323	
0.354	2E-09	0	0	0.1995164	0	0	9.969775E-10	0	2E-09	0	0.1995164	0.09812614	
0.356	2E-09	0	0	0.1996131	0	0	9.97582E-10	0	2E-09	0	0.1996131	0.09845255	
0.358	2E-09	0	0	0.1996905	0	0	9.980656E-10	0	2E-09	0	0.1996905	0.09872335	
0.36	2E-09	0	0	0.1997524	0	0	9.984524E-10	0	2E-09	0	0.1997524	0.09894773	
0.362	2E-09	0	0	0.1998019	0	0	9.98762E-10	0	2E-09	0	0.1998019	0.09913342	
0.364	2E-09	0	0	0.1998415	0	0	9.990097E-10	0	2E-09	0	0.1998415	0.09928693	
0.366	2E-09	0	0	0.1998732	0	0	9.992077E-10	0	2E-09	0	0.1998732	0.0994137	
0.368	2E-09	0	0	0.1998986	0	0	9.993661E-10	0	2E-09	0	0.1998986	0.09951829	
0.37	2E-09	0	0	0.1999189	0	0	9.994928E-10	0	2E-09	0	0.1999189	0.09960449	
0.372	2E-09	0	0	0.1999351	0	0	9.995943E-10	0	2E-09	0	0.1999351	0.09967547	
0.374	2E-09	0	0	0.1999481	0	0	9.996753E-10	0	2E-09	0	0.1999481	0.09973388	
0.376	2E-09	0	0	0.1999585	0	0	9.997404E-10	0	2E-09	0	0.1999585	0.09978191	
0.378	2E-09	0	0	0.1999668	0	0	9.997922E-10	0	2E-09	0	0.1999668	0.09982137	
0.38	2E-09	0	0	0.1999734	0	0	9.998338E-10	0	2E-09	0	0.1999734	0.09985377	
0.382	2E-09	0	0	0.1999787	0	0	9.998671E-10	0	2E-09	0	0.1999787	0.09988036	
0.384	2E-09	0	0	0.199983	0	0	9.998936E-10	0	2E-09	0	0.199983	0.09990216	
0.386	2E-09	0	0	0.1999864	0	0	9.999148E-10	0	2E-09	0	0.1999864	0.09992003	
0.388	2E-09	0	0	0.1999891	0	0	9.999319E-10	0	2E-09	0	0.1999891	0.09993465	
0.39	2E-09	0	0	0.1999913	0	0	9.999455E-10	0	2E-09	0	0.1999913	0.09994663	
0.392	2E-09	0	0	0.199993	0	0	9.999565E-10	0	2E-09	0	0.199993	0.09995644	
0.394	2E-09	0	0	0.1999944	0	0	9.999651E-10	0	2E-09	0	0.1999944	0.09996445	
0.396	2E-09	0	0	0.1999955	0	0	9.999721E-10	0	2E-09	0	0.1999955	0.099971	
0.398	2E-09	0	0	0.1999964	0	0	9.999775E-10	0	2E-09	0	0.1999964	0.09997635	
0.4	0	0	0	0.1999971	0	0	9.999821E-10	0	0	0	0.1999971	0.09998072	
0.402	0	0	0	0.1599977	0	0	9.999856E-10	0	0	0	0.1599977	0.09998429	
0.404	0	0	0	0.1279982	0	0	7.999885E-10	0	0	0	0.1279982	0.0959872	
0.406	0	0	0	0.1023985	0	0	6.399908E-10	0	0	0	0.1023985	0.08958957	
0.408	0	0	0	0.08191882	0	0	5.119926E-10	0	0	0	0.08191882	0.0819115	
0.41	0	0	0	0.06553505	0	0	4.095941E-10	0	0	0	0.06553505	0.07372109	
0.412	0	0	0	0.05242804	0	0	3.276753E-10	0	0	0	0.05242804	0.06553037	
0.414	0	0	0	0.04194244	0	0	2.621402E-10	0	0	0	0.04194244	0.0576671	
0.416	0	0	0	0.03355395	0	0	2.097122E-10	0	0	0	0.03355395	0.05032793	
0.418	0	0	0	0.02684316	0	0	1.677698E-10	0	0	0	0.02684316	0.04361774	
0.42	0	0	0	0.02147453	0	0	1.342158E-10	0	0	0	0.02147453	0.0375785	
0.422	0	0	0	0.01717962	0	0	1.073726E-10	0	0	0	0.01717962	0.03221026	
0.424	0	0	0	0.0137437	0	0	8.589811E-11	0	0	0	0.0137437	0.02748617	
0.426	0	0	0	0.01099496	0	0	6.871848E-11	0	0	0	0.01099496	0.0233633	
0.428	0	0	0	0.008795965	0	0	5.497479E-11	0	0	0	0.008795965	0.01979014	
0.43	0	0	0	0.007036773	0	0	4.397983E-11	0	0	0	0.007036773	0.01671171	
0.432	0	0	0	0.005629417	0	0	3.518386E-11	0	0	0	0.005629417	0.01407304	
0.434	0	0	0	0.004503534	0	0	2.814709E-11	0	0	0	0.004503534	0.01182138	
0.436	0	0	0	0.003602827	0	0	2.251767E-11	0	0	0	0.003602827	0.009907454	
0.438	0	0	0	0.002882262	0	0	1.801414E-11	0	0	0	0.002882262	0.008286246	
0.44	0	0	0	0.002305809	0	0	1.441131E-11	0	0	0	0.002305809	0.006917222	
0.442	0	0	0	0.001844647	0	0	1.152905E-11	0	0	0	0.001844647	0.005764359	
0.444	0	0	0	0.001475718	0	0	9.223237E-12	0	0	0	0.001475718	0.004795952	
0.446	0	0	0	0.001180574	0	0	7.378589E-12	0	0	0	0.001180574	0.003984333	
0.448	0	0	0	0.0009444595	0	0	5.902872E-12	0	0	0	0.0009444595	0.003305524	
0.45	0	0	0	0.0007555676	0	0	4.722297E-12	0	0	0	0.0007555676	0.002738865	
0.452	0	0	0	0.0006044541	0	0	3.777838E-12	0	0	0	0.0006044541	0.002266648	
0.454	0	0	0	0.0004835633	0	0	3.02227E-12	0	0	0	0.0004835633	0.001873764	
0.456	0	0	0	0.0003868506	0	0	2.417816E-12	0	0	0	0.0003868506	0.001547368	
0.458	0	0	0	0.0003094805	0	0	1.934253E-12	0	0	0	0.0003094805	0.001276579	
0.46	0	0	0	0.0002475844	0	0	1.547402E-12	0	0	0	0.0002475844	0.001052212	
0.462	0	0	0	0.0001980675	0	0	1.237922E-12	0	0	0	0.0001980675	0.0008665276	
0.464	0	0	0	0.000158454	0	0	9.903375E-13	0	0	0	0.000158454	0.0007130288	
0.466	0	0	0	0.0001267632	0	0	7.922699E-13	0	0	0	0.0001267632	0.0005862684	
0.468	0	0	0	0.0001014106	0	0	6.338159E-13	0	0	0	0.0001014106	0.0004816911	
0.47	0	0	0	8.112844E-05	0	0	5.070527E-13	0	0	0	8.112844E-05	0.0003954939	
0.472	0	0	0	6.490275E-05	0	0	4.056422E-13	0	0	0	6.490275E-05	0.000324508	
0.474	0	0	0	5.19222E-05	0	0	3.245137E-13	0	0	0	5.19222E-05	0.0002660966	
0.476	0	0	0	4.153776E-05	0	0	2.59611E-13	0	0	0	4.153776E-05	0.0002180695	
0.478	0	0	0	3.323021E-05	0	0	2.076888E-13	0	0	0	3.323021E-05	0.0001786094	
0.48	0	0	0	2.658417E-05	0	0	1.66151E-13	0	0	0	2.658417E-05	0.0001462105	
0.482	0	0	0	2.126733E-05	0	0	1.329208E-13	0	0	0	2.126733E-05	0.0001196269	
0.484	0	0	0	1.701387E-05	0	0	1.063367E-13	0	0	0	1.701387E-05	9.782822E-05	
0.486	0	0	0	1.361109E-05	0	0	8.506933E-14	0	0	0	1.361109E-05	7.996395E-05	
0.488	0	0	0	1.088887E-05	0	0	6.805547E-14	0	0	0	1.088887E-05	6.533227E-05	
0.49	0	0	0	8.711099E-06	0	0	5.444437E-14	0	0	0	8.711099E-06	5.335471E-05	
0.492	0	0	0	6.968879E-06	0	0	4.35555E-14	0	0	0	6.968879E-06	4.355487E-05	
0.494	0	0	0	5.575103E-06	0	0	3.48444E-14	0	0	0	5.575103E-06	3.554079E-05	
0.496	0	0	0	4.460082E-06	0	0	2.787551E-14	0	0	0	4.460082E-06	2.899014E-05	
0.498	0	0	0	3.568066E-06	0	0	2.230041E-14	0	0	0	3.568066E-06	2.363812E-05	
0.5	4E-09	0	0	2.854453E-06	0	0	1.784033E-14	0	4E-09	0	2.854453E-06	1.92673E-05	
0.502	4E-09	0	0	0.08000229	0	0	1.427226E-14	0	4E-09	0	0.08000229	1.569929E-05	
0.504	4E-09	0	0	0.1440018	0	0	4.000114E-10	0	4E-09	0	0.1440018	0.008012788	
0.506	4E-09	0	0	0.1952015	0	0	7.200091E-10	0	4E-09	0	0.1952015	0.02081041	
0.508	4E-09	0	0	0.2361612	0	0	9.760073E-10	0	4E-09	0	0.2361612	0.03616847	
0.5100001	4E-09	0	0	0.2689289	0	0	1.180806E-09	0	4E-09	0	0.2689289	0.0525509	
0.512	4E-09	0	0	0.2951432	0	0	1.344645E-09	0	4E-09	0	0.2951432	0.06893361	
0.514	4E-09	0	0	0.3161145	0	0	1.475716E-09	0	4E-09	0	0.3161145	0.08466121	
0.516	4E-09	0	0	0.3328916	0	0	1.580572E-09	0	4E-09	0	0.3328916	0.09934042	
0.518	4E-09	0	0	0.3463133	0	0	1.664458E-09	0	4E-09	0	0.3463133	0.1127615	
0.52	4E-09	0	0	0.3570506	0	0	1.731566E-09	0	4E-09	0	0.3570506	0.1248405	
0.522	4E-09	0	0	0.3656405	0	0	1.785253E-09	0	4E-09	0	0.3656405	0.1355775	
0.524	4E-09	0	0	0.3725124	0	0	1.828202E-09	0	4E-09	0	0.3725124	0.145026	
0.526	4E-09	0	0	0.3780099	0	0	1.862562E-09	0	4E-09	0	0.3780099	0.1532721	
0.528	4E-09	0	0	0.3824079	0	0	1.89005E-09	0	4E-09	0	0.3824079	0.1604187	
0.53	4E-09	0	0	0.3859263	0	0	1.912039E-09	0	4E-09	0	0.3859263	0.1665757	
0.532	4E-09	0	0	0.388741	0	0	1.929632E-09	0	4E-09	0	0.388741	0.1718532	
0.534	4E-09	0	0	0.3909928	0	0	1.943705E-09	0	4E-09	0	0.3909928	0.1763567	
0.536	4E-09	0	0	0.3927943	0	0	1.954964E-09	0	4E-09	0	0.3927943	0.1801846	
0.538	4E-09	0	0	0.3942354	0	0	1.963971E-09	0	4E-09	0	0.3942354	0.1834271	
0.54	4E-09	0	0	0.3953883	0	0	1.971177E-09	0	4E-09	0	0.3953883	0.1861652	
0.5420001	4E-09	0	0	0.3963107	0	0	1.976941E-09	0	4E-09	0	0.3963107	0.188471	
0.544	4E-09	0	0	0.3970485	0	0	1.981553E-09	0	4E-09	0	0.3970485	0.1904079	
0.546	4E-09	0	0	0.3976388	0	0	1.985243E-09	0	4E-09	0	0.3976388	0.1920312	
0.548	4E-09	0	0	0.398111	0	0	1.988194E-09	0	4E-09	0	0.398111	0.1933888	
0.55	4E-09	5E-09	0	0.3984888	0	0	1.990555E-09	5E-09	4E-09	0	0.3984888	0.1945222	
0.552	4E-09	5E-09	0	0.3987911	0	0.2	1.992444E-09	5E-09	4E-09	0.2	0.3987911	0.1954666	
0.554	4E-09	5E-09	3.987911E-10	0.3990328	0.007975822	0.36	1.595164E-09	5E-09	4E-09	0.36	0.3990328	0.1882766	
0.5560001	4E-09	5E-09	7.182591E-10	0.3992262	0.02074584	0.488	1.276905E-09	5E-09	4E-09	0.488	0.3992262	0.1761594	
0.558	4E-09	5E-09	9.741121E-10	0.399381	0.03607892	0.5904	1.022019E-09	5E-09	4E-09	0.5904	0.399381	0.1613679	
0.56	4E-09	5E-09	1.178973E-09	0.3995048	0.05244259	0.67232	8.179322E-10	5E-09	4E-09	0.67232	0.3995048	0.1454529	
0.562	4E-09	5E-09	1.342975E-09	0.3996038	0.06881358	0.737856	6.545486E-10	5E-09	4E-09	0.737856	0.3996038	0.1294533	
0.564	4E-09	5E-09	1.47425E-09	0.3996831	0.08453587	0.7902848	5.237688E-10	5E-09	4E-09	0.7902848	0.3996831	0.114038	
0.566	4E-09	5E-09	1.579317E-09	0.3997464	0.09921505	0.8322278	4.190981E-10	5E-09	4E-09	0.8322278	0.3997464	0.09961239	
0.568	4E-09	5E-09	1.663401E-09	0.3997971	0.11264	0.8657823	3.353317E-10	5E-09	4E-09	0.8657823	0.3997971	0.08639655	
0.5700001	4E-09	5E-09	1.730686E-09	0.3998377	0.1247258	0.8926258	2.682993E-10	5E-09	4E-09	0.8926258	0.3998377	0.07448322	
0.572	4E-09	5E-09	1.784527E-09	0.3998702	0.1354712	0.9141006	2.146613E-10	5E-09	4E-09	0.9141006	0.3998702	0.0638798	
0.574	4E-09	5E-09	1.827608E-09	0.3998961	0.1449291	0.9312805	1.717429E-10	5E-09	4E-09	0.9312805	0.3998961	0.0545387	
0.576	4E-09	5E-09	1.862077E-09	0.3999169	0.1531848	0.9450244	1.374033E-10	5E-09	4E-09	0.9450244	0.3999169	0.04637903	
0.578	4E-09	5E-09	1.889656E-09	0.3999335	0.160341	0.9560195	1.099283E-10	5E-09	4E-09	0.9560195	0.3999335	0.03930178	
0.58	4E-09	5E-09	1.911721E-09	0.3999468	0.1665072	0.9648156	8.794634E-11	5E-09	4E-09	0.9648156	0.3999468	0.03320035	
0.582	4E-09	5E-09	1.929375E-09	0.3999574	0.1717933	0.9718525	7.035941E-11	5E-09	4E-09	0.9718525	0.3999574	0.02796747	
0.5840001	4E-09	5E-09	1.943498E-09	0.3999659	0.1763046	0.977482	5.628905E-11	5E-09	4E-09	0.977482	0.3999659	0.02349976	
0.586	4E-09	5E-09	1.954797E-09	0.3999728	0.1801396	0.9819856	4.503224E-11	5E-09	4E-09	0.9819856	0.3999728	0.01970045	
0.588	4E-09	5E-09	1.963838E-09	0.3999782	0.1833884	0.9855884	3.602641E-11	5E-09	4E-09	0.9855884	0.3999782	0.01648089	
0.59	4E-09	5E-09	1.971069E-09	0.3999826	0.1861321	0.9884708	2.882157E-11	5E-09	4E-09	0.9884708	0.3999826	0.01376114	
0.592	4E-09	5E-09	1.976856E-09	0.399986	0.1884428	0.9907765	2.305741E-11	5E-09	4E-09	0.9907765	0.399986	0.01147006	
0.594	4E-09	5E-09	1.981484E-09	0.3999888	0.1903839	0.9926212	1.844628E-11	5E-09	4E-09	0.9926212	0.3999888	0.009544976	
0.596	4E-09	5E-09	1.985187E-09	0.399991	0.1920109	0.994097	1.47571E-11	5E-09	4E-09	0.994097	0.399991	0.007931123	
0.598	4E-09	5E-09	1.988149E-09	0.3999928	0.1933717	0.9952776	1.180575E-11	5E-09	4E-09	0.9952776	0.3999928	0.006581013	
0.6	0	5E-09	1.99052E-09	0.3999943	0.1945077	0.996222	9.444544E-12	5E-09	0	0.996222	0.3999943	0.005453701	
0.6020001	0	5E-09	1.992416E-09	0.3199954	0.1954545	0.9969776	7.555853E-12	5E-09	0	0.9969776	0.3199954	0.004514078	
0.604	0	5E-09	1.595141E-09	0.2559963	0.1882664	0.9975821	4.835727E-12	5E-09	0	0.9975821	0.2559963	0.003707977	
0.606	0	5E-09	1.276887E-09	0.204797	0.1761509	0.9980656	3.094896E-12	5E-09	0	0.9980656	0.204797	0.003028279	
0.608	0	5E-09	1.022004E-09	0.1638376	0.1613608	0.9984525	1.980806E-12	5E-09	0	0.9984525	0.1638376	0.002462239	
0.61	0	5E-09	8.179205E-10	0.1310701	0.145447	0.998762	1.267658E-12	5E-09	0	0.998762	0.1310701	0.001995145	
0.612	0	5E-09	6.545392E-10	0.1048561	0.1294484	0.9990096	8.113164E-13	5E-09	0	0.9990096	0.1048561	0.001612342	
0.614	0	5E-09	5.237612E-10	0.08388488	0.114034	0.9992077	5.192425E-13	5E-09	0	0.9992077	0.08388488	0.001300258	
0.6160001	0	5E-09	4.190921E-10	0.0671079	0.099609	0.9993662	3.322953E-13	5E-09	0	0.9993662	0.0671079	0.001046853	
0.618	0	5E-09	3.353268E-10	0.05368632	0.08639374	0.9994929	2.126769E-13	5E-09	0	0.9994929	0.05368632	0.0008417356	
0.62	0	5E-09	2.682955E-10	0.04294905	0.07448091	0.9995943	1.3611E-13	5E-09	0	0.9995943	0.04294905	0.0006761106	
0.622	0	5E-09	2.146582E-10	0.03435924	0.06387788	0.9996755	8.711554E-14	5E-09	0	0.9996755	0.03435924	0.0005426308	
0.624	0	5E-09	1.717405E-10	0.02748739	0.05453711	0.9997404	5.575599E-14	5E-09	0	0.9997404	0.02748739	0.0004352198	
0.626	0	5E-09	1.374013E-10	0.02198991	0.04637772	0.9997923	3.568383E-14	5E-09	0	0.9997923	0.02198991	0.0003488895	
0.628	0	5E-09	1.099267E-10	0.01759193	0.03930071	0.9998338	2.283896E-14	5E-09	0	0.9998338	0.01759193	0.0002795684	
0.6300001	0	5E-09	8.794504E-11	0.01407355	0.03319947	0.999867	1.461694E-14	5E-09	0	0.999867	0.01407355	0.000223947	
0.632	0	5E-09	7.035837E-11	0.01125883	0.02796674	0.9998936	9.357357E-15	5E-09	0	0.9998936	0.01125883	0.0001793448	
0.634	0	5E-09	5.628819E-11	0.009007068	0.02349916	0.9999149	5.989378E-15	5E-09	0	0.9999149	0.009007068	0.0001435956	
0.636	0	5E-09	4.503151E-11	0.007205654	0.01969995	0.9999319	3.830518E-15	5E-09	0	0.9999319	0.007205654	0.0001149531	
0.638	0	5E-09	3.602582E-11	0.005764524	0.01648048	0.9999455	2.452391E-15	5E-09	0	0.9999455	0.005764524	9.201153E-05	
0.64	0	5E-09	2.882105E-11	0.004611619	0.0137608	0.9999564	1.570217E-15	5E-09	0	0.9999564	0.004611619	7.364062E-05	
0.642	0	5E-09	2.305709E-11	0.003689295	0.01146979	0.9999651	1.004664E-15	5E-09	0	0.9999651	0.003689295	5.893259E-05	
0.6440001	0	5E-09	1.844583E-11	0.002951436	0.009544744	0.9999721	6.432048E-16	5E-09	0	0.9999721	0.002951436	4.715894E-05	
0.646	0	5E-09	1.475677E-11	0.002361149	0.007930931	0.9999776	4.116511E-16	5E-09	0	0.9999776	0.002361149	3.773538E-05	
0.648	0	5E-09	1.180548E-11	0.001888919	0.006580854	0.9999821	2.638789E-16	5E-09	0	0.9999821	0.001888919	3.019358E-05	
0.65	0	5E-09	9.444426E-12	0.001511135	0.005453572	0.9999857	1.688825E-16	5E-09	0	0.9999857	0.001511135	2.415824E-05	
0.652	0	5E-09	7.555567E-12	0.001208908	0.004513969	0.9999886	1.080848E-16	5E-09	0	0.9999886	0.001208908	1.932876E-05	
0.654	0	5E-09	6.044471E-12	0.0009671266	0.003732064	0.9999908	6.917428E-17	5E-09	0	0.9999908	0.0009671266	1.546439E-05	
0.656	0	5E-09	4.835589E-12	0.0007737012	0.003082363	0.9999927	4.438683E-17	5E-09	0	0.9999927	0.0007737012	1.23724E-05	
0.6580001	0	5E-09	3.868478E-12	0.0006189609	0.00254326	0.9999942	2.813087E-17	5E-09	0	0.9999942	0.0006189609	9.898481E-06	
0.66	0	5E-09	3.094787E-12	0.0004951687	0.002096504	0.9999954	1.789308E-17	5E-09	0	0.9999954	0.0004951687	7.919142E-06	
0.6620001	0	5E-09	2.475832E-12	0.000396135	0.00172672	0.9999962	1.15106E-17	5E-09	0	0.9999962	0.000396135	6.335544E-06	
0.664	0	5E-09	1.980667E-12	0.000316908	0.001420989	0.999997	7.555675E-18	5E-09	0	0.999997	0.000316908	5.068587E-06	
0.666	0	5E-09	1.584535E-12	0.0002535264	0.001168482	0.9999976	4.816743E-18	5E-09	0	0.9999976	0.0002535264	4.054966E-06	
0.668	0	5E-09	1.267629E-12	0.0002028211	0.000960138	0.999998	3.097827E-18	5E-09	0	0.999998	0.0002028211	3.244035E-06	
0.67	0	5E-09	1.014103E-12	0.0001622569	0.0007883925	0.9999984	2.055143E-18	5E-09	0	0.9999984	0.0001622569	2.595269E-06	
0.6720001	0	5E-09	8.112831E-13	0.0001298055	0.0006469397	0.9999987	1.305621E-18	5E-09	0	0.9999987	0.0001298055	2.076241E-06	
0.674	0	5E-09	6.490266E-13	0.0001038444	0.0005305323	0.999999	8.510712E-19	5E-09	0	0.999999	0.0001038444	1.66101E-06	
0.6760001	0	5E-09	5.192214E-13	8.307552E-05	0.0004348102	0.9999992	5.261167E-19	5E-09	0	0.9999992	8.307552E-05	1.328818E-06	
0.678	0	5E-09	4.153773E-13	6.646042E-05	0.0003561557	0.9999993	3.466181E-19	5E-09	0	0.9999993	6.646042E-05	1.063062E-06	
0.68	0	5E-09	3.323019E-13	5.316833E-05	0.0002915706	0.9999995	2.178742E-19	5E-09	0	0.9999995	5.316833E-05	0	
0.682	0	5E-09	2.658415E-13	4.253467E-05	0.0002385733	0.9999996	1.267632E-19	5E-09	0	0.9999996	4.253467E-05	0	
0.684	0	5E-09	2.126732E-13	3.402773E-05	0.0001951121	0.9999996	8.873423E-20	5E-09	0	0.9999996	3.402773E-05	0	
0.686	0	5E-09	1.701386E-13	2.722219E-05	0.0001594925	0.9999997	6.084633E-20	5E-09	0	0.9999997	2.722219E-05	0	
0.688	0	5E-09	1.361109E-13	2.177775E-05	0.0001303162	0.9999998	4.056422E-20	5E-09	0	0.9999998	2.177775E-05	0	
0.6900001	0	5E-09	1.088887E-13	1.74222E-05	0.0001064307	0.9999998	2.59611E-20	5E-09	0	0.9999998	1.74222E-05	0	
0.692	0	5E-09	8.711097E-14	1.393776E-05	8.688679E-05	0.9999998	2.076888E-20	5E-09	0	0.9999998	1.393776E-05	0	
0.694	0	5E-09	6.968878E-14	1.115021E-05	7.09032E-05	0.9999998	1.66151E-20	5E-09	0	0.9999998	1.115021E-05	0	
0.696	0	5E-09	5.575101E-14	8.920165E-06	5.783759E-05	0.9999998	1.329208E-20	5E-09	0	0.9999998	8.920165E-06	0	
0.698	0	5E-09	4.460081E-14	7.136132E-06	4.716208E-05	0.9999998	1.063367E-20	5E-09	0	0.9999998	7.136132E-06	0	
0.7	6E-09	5E-09	3.568065E-14	5.708906E-06	3.844328E-05	0.9999998	8.506932E-21	5E-09	6E-09	0.9999998	5.708906E-06	0	
0.702	6E-09	5E-09	2.854452E-14	0.1200046	3.132552E-05	0.9999998	6.805545E-21	5E-09	6E-09	0.9999998	0.1200046	0	
0.7040001	6E-09	5E-09	6.000227E-10	0.2160037	0.01202551	0.9999998	1.430566E-16	5E-09	6E-09	0.9999998	0.2160037	0	
0.706	6E-09	5E-09	1.080018E-09	0.2928029	0.03122077	0.9999998	2.574964E-16	5E-09	6E-09	0.9999998	0.2928029	0	
0.708	6E-09	5E-09	1.464014E-09	0.3542424	0.05425691	0.9999998	3.490483E-16	5E-09	6E-09	0.9999998	0.3542424	0	
0.71	6E-09	5E-09	1.771211E-09	0.4033939	0.07882975	0.9999998	4.222898E-16	5E-09	6E-09	0.9999998	0.4033939	0	
0.712	6E-09	5E-09	2.016969E-09	0.4427151	0.1034032	0.9999998	4.808829E-16	5E-09	6E-09	0.9999998	0.4427151	0	
0.714	6E-09	5E-09	2.213575E-09	0.4741721	0.126994	0.9999998	5.277575E-16	5E-09	6E-09	0.9999998	0.4741721	0	
0.716	6E-09	5E-09	2.37086E-09	0.4993377	0.1490124	0.9999998	5.652572E-16	5E-09	6E-09	0.9999998	0.4993377	0	
0.7180001	6E-09	5E-09	2.496688E-09	0.5194702	0.1691437	0.9999998	5.952569E-16	5E-09	6E-09	0.9999998	0.5194702	0	
0.72	6E-09	5E-09	2.59735E-09	0.5355761	0.187262	0.9999998	6.192567E-16	5E-09	6E-09	0.9999998	0.5355761	0	
0.7220001	6E-09	5E-09	2.67788E-09	0.5484609	0.2033672	0.9999998	6.384565E-16	5E-09	6E-09	0.9999998	0.5484609	0	
0.724	6E-09	5E-09	2.742304E-09	0.5587687	0.2175398	0.9999998	6.538163E-16	5E-09	6E-09	0.9999998	0.5587687	0	
0.726	6E-09	5E-09	2.793843E-09	0.5670149	0.2299087	0.9999998	6.661042E-16	5E-09	6E-09	0.9999998	0.5670149	0	
0.728	6E-09	5E-09	2.835074E-09	0.573612	0.2406284	0.9999998	6.759345E-16	5E-09	6E-09	0.9999998	0.573612	0	
0.73	6E-09	5E-09	2.868059E-09	0.5788896	0.2498639	0.9999998	6.837987E-16	5E-09	6E-09	0.9999998	0.5788896	0	
0.7320001	6E-09	5E-09	2.894447E-09	0.5831117	0.2577801	0.9999998	6.900902E-16	5E-09	6E-09	0.9999998	0.5831117	0	
0.734	6E-09	5E-09	2.915558E-09	0.5864893	0.2645352	0.9999998	6.951233E-16	5E-09	6E-09	0.9999998	0.5864893	0	
0.7360001	6E-09	5E-09	2.932446E-09	0.5891914	0.2702771	0.9999998	6.991497E-16	5E-09	6E-09	0.9999998	0.5891914	0	
0.738	6E-09	5E-09	2.945956E-09	0.5913532	0.2751408	0.9999998	7.023709E-16	5E-09	6E-09	0.9999998	0.5913532	0	
0.74	6E-09	5E-09	2.956765E-09	0.5930825	0.2792479	0.9999998	7.049479E-16	5E-09	6E-09	0.9999998	0.5930825	0	
0.742	6E-09	5E-09	2.965412E-09	0.594466	0.2827066	0.9999998	7.070095E-16	5E-09	6E-09	0.9999998	0.594466	0	
0.744	6E-09	5E-09	2.972329E-09	0.5955728	0.2856119	0.9999998	7.086587E-16	5E-09	6E-09	0.9999998	0.5955728	0	
0.7460001	6E-09	5E-09	2.977863E-09	0.5964583	0.2880467	0.9999998	7.099781E-16	5E-09	6E-09	0.9999998	0.5964583	0	
0.748	6E-09	5E-09	2.98229E-09	0.5971666	0.2900832	0.9999998	7.110337E-16	5E-09	6E-09	0.9999998	0.5971666	0	
0.7500001	6E-09	5E-09	2.985832E-09	0.5977333	0.2917832	0.9999998	7.11878E-16	5E-09	6E-09	0.9999998	0.5977333	0	
0.752	6E-09	5E-09	2.988666E-09	0.5981866	0.2931999	0.9999998	7.125537E-16	5E-09	6E-09	0.9999998	0.5981866	0	
0.754	6E-09	5E-09	2.990932E-09	0.5985493	0.2943785	0.9999998	7.13094E-16	5E-09	6E-09	0.9999998	0.5985493	0	
0.756	6E-09	5E-09	2.992746E-09	0.5988394	0.2953578	0.9999998	7.135264E-16	5E-09	6E-09	0.9999998	0.5988394	0	
0.758	6E-09	5E-09	2.994196E-09	0.5990715	0.2961701	0.9999998	7.138722E-16	5E-09	6E-09	0.9999998	0.5990715	0	
0.7600001	6E-09	5E-09	2.995357E-09	0.5992572	0.2968432	0.9999998	7.141489E-16	5E-09	6E-09	0.9999998	0.5992572	0	
0.762	6E-09	5E-09	2.996285E-09	0.5994058	0.2974003	0.9999998	7.143703E-16	5E-09	6E-09	0.9999998	0.5994058	0	
0.7640001	6E-09	5E-09	2.997028E-09	0.5995246	0.2978608	0.9999998	7.145474E-16	5E-09	6E-09	0.9999998	0.5995246	0	
0.766	6E-09	5E-09	2.997622E-09	0.5996197	0.2982411	0.9999998	7.14689E-16	5E-09	6E-09	0.9999998	0.5996197	0	
0.768	6E-09	5E-09	2.998098E-09	0.5996958	0.2985548	0.9999998	7.148024E-16	5E-09	6E-09	0.9999998	0.5996958	0	
0.77	6E-09	5E-09	2.998478E-09	0.5997566	0.2988134	0.9999998	7.148931E-16	5E-09	6E-09	0.9999998	0.5997566	0	
0.772	6E-09	5E-09	2.998782E-09	0.5998053	0.2990264	0.9999998	7.149656E-16	5E-09	6E-09	0.9999998	0.5998053	0	
0.774	6E-09	5E-09	2.999026E-09	0.5998442	0.2992016	0.9999998	7.150236E-16	5E-09	6E-09	0.9999998	0.5998442	0	
0.776	6E-09	5E-09	2.99922E-09	0.5998754	0.2993457	0.9999998	7.1507E-16	5E-09	6E-09	0.9999998	0.5998754	0	
0.7780001	6E-09	5E-09	2.999376E-09	0.5999003	0.2994641	0.9999998	7.151072E-16	5E-09	6E-09	0.9999998	0.5999003	0	
0.78	6E-09	5E-09	2.999501E-09	0.5999202	0.2995613	0.9999998	7.151369E-16	5E-09	6E-09	0.9999998	0.5999202	0	
0.7820001	6E-09	5E-09	2.9996E-09	0.5999362	0.299641	0.9999998	7.151606E-16	5E-09	6E-09	0.9999998	0.5999362	0	
0.784	6E-09	5E-09	2.99968E-09	0.5999489	0.2997064	0.9999998	7.151797E-16	5E-09	6E-09	0.9999998	0.5999489	0	
0.786	6E-09	5E-09	2.999744E-09	0.5999591	0.29976	0.9999998	7.151949E-16	5E-09	6E-09	0.9999998	0.5999591	0	
0.788	6E-09	5E-09	2.999795E-09	0.5999673	0.2998039	0.9999998	7.15207E-16	5E-09	6E-09	0.9999998	0.5999673	0	
0.79	6E-09	5E-09	2.999836E-09	0.5999739	0.2998399	0.9999998	7.152167E-16	5E-09	6E-09	0.9999998	0.5999739	0	
0.7920001	6E-09	5E-09	2.999869E-09	0.599979	0.2998692	0.9999998	7.152246E-16	5E-09	6E-09	0.9999998	0.599979	0	
0.794	6E-09	5E-09	2.999894E-09	0.5999833	0.2998933	0.9999998	7.152308E-16	5E-09	6E-09	0.9999998	0.5999833	0	
0.7960001	6E-09	5E-09	2.999916E-09	0.5999866	0.2999129	0.9999998	7.152358E-16	5E-09	6E-09	0.9999998	0.5999866	0	
0.798	6E-09	5E-09	2.999932E-09	0.5999893	0.299929	0.9999998	7.152398E-16	5E-09	6E-09	0.9999998	0.5999893	0	
0.8	0	5E-09	2.999946E-09	0.5999914	0.2999421	0.9999998	7.15243E-16	5E-09	0	0.9999998	0.5999914	0	
0.802	0	5E-09	2.999956E-09	0.4799932	0.2999528	0.9999998	7.152455E-16	5E-09	0	0.9999998	0.4799932	0	
0.804	0	5E-09	2.399965E-09	0.3839945	0.2879615	0.9999998	5.721964E-16	5E-09	0	0.9999998	0.3839945	0	
0.8060001	0	5E-09	1.919972E-09	0.3071956	0.2687687	0.9999998	4.577571E-16	5E-09	0	0.9999998	0.3071956	0	
0.808	0	5E-09	1.535978E-09	0.2457565	0.2457345	0.9999998	3.662057E-16	5E-09	0	0.9999998	0.2457565	0	
0.8100001	0	5E-09	1.228782E-09	0.1966052	0.2211632	0.9999998	2.929646E-16	5E-09	0	0.9999998	0.1966052	0	
0.812	0	5E-09	9.830257E-10	0.1572841	0.1965911	0.9999998	2.343716E-16	5E-09	0	0.9999998	0.1572841	0	
0.814	0	5E-09	7.864205E-10	0.1258273	0.1730013	0.9999998	1.874973E-16	5E-09	0	0.9999998	0.1258273	0	
0.816	0	5E-09	6.291364E-10	0.1006619	0.1509838	0.9999998	1.499978E-16	5E-09	0	0.9999998	0.1006619	0	
0.818	0	5E-09	5.033091E-10	0.08052948	0.1308532	0.9999998	1.199983E-16	5E-09	0	0.9999998	0.08052948	0	
0.8200001	0	5E-09	4.026473E-10	0.06442358	0.1127355	0.9999998	9.599862E-17	5E-09	0	0.9999998	0.06442358	0	
0.822	0	5E-09	3.221178E-10	0.05153887	0.09663075	0.9999998	7.67989E-17	5E-09	0	0.9999998	0.05153887	0	
0.8240001	0	5E-09	2.576943E-10	0.0412311	0.08245849	0.9999998	6.143912E-17	5E-09	0	0.9999998	0.0412311	0	
0.826	0	5E-09	2.061554E-10	0.03298488	0.07008991	0.9999998	4.91513E-17	5E-09	0	0.9999998	0.03298488	0	
0.8280001	0	5E-09	1.649243E-10	0.0263879	0.05937041	0.9999998	3.932104E-17	5E-09	0	0.9999998	0.0263879	0	
0.83	0	5E-09	1.319395E-10	0.02111032	0.05013511	0.9999998	3.145683E-17	5E-09	0	0.9999998	0.02111032	0	
0.832	0	5E-09	1.055516E-10	0.01688825	0.04221912	0.9999998	2.516546E-17	5E-09	0	0.9999998	0.01688825	0	
0.8340001	0	5E-09	8.444125E-11	0.0135106	0.03546413	0.9999998	2.013237E-17	5E-09	0	0.9999998	0.0135106	0	
0.836	0	5E-09	6.7553E-11	0.01080848	0.02972236	0.9999998	1.610589E-17	5E-09	0	0.9999998	0.01080848	0	
0.8380001	0	5E-09	5.40424E-11	0.008646786	0.02485873	0.9999998	1.288472E-17	5E-09	0	0.9999998	0.008646786	0	
0.84	0	5E-09	4.323392E-11	0.006917429	0.02075166	0.9999998	1.030777E-17	5E-09	0	0.9999998	0.006917429	0	
0.8420001	0	5E-09	3.458714E-11	0.005533943	0.01729308	0.9999998	8.246217E-18	5E-09	0	0.9999998	0.005533943	0	
0.844	0	5E-09	2.766971E-11	0.004427155	0.01438785	0.9999998	6.596974E-18	5E-09	0	0.9999998	0.004427155	0	
0.846	0	5E-09	2.213577E-11	0.003541724	0.011953	0.9999998	5.277579E-18	5E-09	0	0.9999998	0.003541724	0	
0.848	0	5E-09	1.770861E-11	0.002833379	0.00991657	0.9999998	4.222064E-18	5E-09	0	0.9999998	0.002833379	0	
0.85	0	0	1.416689E-11	0.002266703	0.008216594	0.9999998	3.377651E-18	0	0	0.9999998	0.002266703	0	
0.8520001	0	0	1.133351E-11	0.001813362	0.006799945	0.7999998	2.702121E-18	0	0	0.7999998	0.001813362	0	
0.854	0	0	7.253448E-12	0.00145069	0.005585025	0.6399999	1.813364E-12	0	0	0.6399999	0.00145069	3.626858E-05	
0.8560001	0	0	4.642207E-12	0.001160552	0.004560864	0.5119999	2.611243E-12	0	0	0.5119999	0.001160552	8.123972E-05	
0.858	0	0	2.971013E-12	0.0009284416	0.003708112	0.4095999	2.831747E-12	0	0	0.4095999	0.0009284416	0.0001216267	
0.86	0	0	1.901448E-12	0.0007427533	0.003004518	0.3276799	2.74076E-12	0	0	0.3276799	0.0007427533	0.0001521166	
0.862	0	0	1.216927E-12	0.0005942026	0.002427953	0.2621439	2.49684E-12	0	0	0.2621439	0.0005942026	0.0001716301	
0.864	0	0	7.78833E-13	0.0004753621	0.001957939	0.2097151	2.19218E-12	0	0	0.2097151	0.0004753621	0.0001811476	
0.8660001	0	0	4.984531E-13	0.0003802896	0.00157632	0.1677721	1.878357E-12	0	0	0.1677721	0.0003802896	0.0001824853	
0.868	0	0	3.190099E-13	0.0003042317	0.001267436	0.1342177	1.582438E-12	0	0	0.1342177	0.0003042317	0.000177637	
0.8700001	0	0	2.041664E-13	0.0002433854	0.001018032	0.1073741	1.316992E-12	0	0	0.1073741	0.0002433854	0.0001684494	
0.872	0	0	1.306665E-13	0.0001947083	0.0008170393	0.08589932	1.08626E-12	0	0	0.08589932	0.0001947083	0.0001564847	
0.874	0	0	8.362654E-14	0.0001557666	0.0006553039	0.06871945	8.899149E-13	0	0	0.06871945	0.0001557666	0.0001429861	
0.876	0	0	5.352099E-14	0.0001246133	0.0005253136	0.05497556	7.253122E-13	0	0	0.05497556	0.0001246133	0.0001288951	
0.878	0	0	3.425343E-14	9.969065E-05	0.0004209359	0.04398045	5.888131E-13	0	0	0.04398045	9.969065E-05	0.0001148924	
0.8800001	0	0	2.19222E-14	7.975251E-05	0.0003371872	0.03518436	4.76531E-13	0	0	0.03518436	7.975251E-05	0.0001014445	
0.882	0	0	1.40302E-14	6.380201E-05	0.0002700303	0.02814749	3.847323E-13	0	0	0.02814749	6.380201E-05	8.885025E-05	
0.8840001	0	0	8.979332E-15	5.104161E-05	0.0002162039	0.02251799	3.100307E-13	0	0	0.02251799	5.104161E-05	7.728081E-05	
0.886	0	0	5.746772E-15	4.083329E-05	0.000173078	0.01801439	2.494613E-13	0	0	0.01801439	4.083329E-05	6.681387E-05	
0.8880001	0	0	3.677934E-15	3.266663E-05	0.000138536	0.01441151	2.004885E-13	0	0	0.01441151	3.266663E-05	5.746086E-05	
0.89	0	0	2.353877E-15	2.61333E-05	0.0001108759	0.01152921	1.609793E-13	0	0	0.01152921	2.61333E-05	4.918827E-05	
0.892	0	0	1.506482E-15	2.090664E-05	8.873082E-05	0.009223368	1.2916E-13	0	0	0.009223368	2.090664E-05	4.193382E-05	
0.8940001	0	0	9.641483E-16	1.672531E-05	7.100394E-05	0.007378694	1.035691E-13	0	0	0.007378694	1.672531E-05	3.561844E-05	
0.896	0	0	6.170548E-16	1.338025E-05	5.681549E-05	0.005902955	8.300951E-14	0	0	0.005902955	1.338025E-05	3.015494E-05	
0.8980001	0	0	3.949151E-16	1.07042E-05	4.546029E-05	0.004722364	6.650634E-14	0	0	0.004722364	1.07042E-05	2.545408E-05	
0.9	8E-09	0	2.527456E-16	8.563358E-06	3.637328E-05	0.003777891	5.326825E-14	0	8E-09	0.003777891	8.563358E-06	2.142863E-05	
0.9020001	8E-09	0	1.617572E-16	0.1600069	2.910186E-05	0.003022313	4.265503E-14	0	8E-09	0.003022313	0.1600069	1.7996E-05	
0.904	8E-09	0	2.417954E-12	0.2880055	7.164057E-05	0.002417851	7.976164E-10	0	8E-09	0.002417851	0.2880055	0.01596672	
0.906	8E-09	0	3.481771E-12	0.3904044	0.0001269479	0.00193428	1.436546E-09	0	8E-09	0.00193428	0.3904044	0.04150429	
0.9080001	8E-09	0	3.775758E-12	0.4723235	0.0001770735	0.001547424	1.948246E-09	0	8E-09	0.001547424	0.4723235	0.07216837	
0.91	8E-09	0	3.654425E-12	0.5378588	0.0002147473	0.001237939	2.357963E-09	0	8E-09	0.001237939	0.5378588	0.104894	
0.9120001	8E-09	0	3.329183E-12	0.5902871	0.0002383815	0.0009903515	2.685965E-09	0	8E-09	0.0009903515	0.5902871	0.1376345	
0.914	8E-09	0	2.922959E-12	0.6322297	0.0002491644	0.0007922812	2.948513E-09	0	8E-09	0.0007922812	0.6322297	0.1690778	
0.9160001	8E-09	0	2.504519E-12	0.6657838	0.0002494218	0.000633825	3.158644E-09	0	8E-09	0.000633825	0.6657838	0.1984351	
0.918	8E-09	0	2.109952E-12	0.692627	0.0002417365	0.00050706	3.326809E-09	0	8E-09	0.00050706	0.692627	0.2252843	
0.92	8E-09	0	1.756017E-12	0.7141016	0.0002285095	0.000405648	3.461379E-09	0	8E-09	0.000405648	0.7141016	0.249455	
0.9220001	8E-09	0	1.448369E-12	0.7312813	0.000211775	0.0003245184	3.569059E-09	0	8E-09	0.0003245184	0.7312813	0.2709452	
0.924	8E-09	0	1.186571E-12	0.745025	0.0001931514	0.0002596147	3.65522E-09	0	8E-09	0.0002596147	0.745025	0.2898605	
0.9260001	8E-09	0	9.670972E-13	0.7560199	0.0001738631	0.0002076918	3.724158E-09	0	8E-09	0.0002076918	0.7560199	0.3063716	
0.928	8E-09	0	7.850956E-13	0.7648159	0.0001547924	0.0001661534	3.779315E-09	0	8E-09	0.0001661534	0.7648159	0.3206836	
0.9300001	8E-09	0	6.353839E-13	0.7718527	0.0001365416	0.0001329227	3.823444E-09	0	8E-09	0.0001329227	0.7718527	0.3330157	
0.932	8E-09	0	5.129838E-13	0.7774822	0.000119493	0.0001063382	3.858751E-09	0	8E-09	0.0001063382	0.7774822	0.3435876	
0.934	8E-09	0	4.133802E-13	0.7819858	0.000103862	8.507053E-05	3.886997E-09	0	8E-09	8.507053E-05	0.7819858	0.35261	
0.936	8E-09	0	3.326197E-13	0.7855886	8.974197E-05	6.805643E-05	3.909596E-09	0	8E-09	6.805643E-05	0.7855886	0.3602799	
0.938	8E-09	0	2.673218E-13	0.7884709	7.714001E-05	5.444514E-05	3.927676E-09	0	8E-09	5.444514E-05	0.7884709	0.3667775	
0.9400001	8E-09	0	2.14642E-13	0.7907767	6.600485E-05	4.355611E-05	3.94214E-09	0	8E-09	4.355611E-05	0.7907767	0.3722647	
0.942	8E-09	0	1.722158E-13	0.7926214	5.624819E-05	3.484489E-05	3.953711E-09	0	8E-09	3.484489E-05	0.7926214	0.376886	
0.9440001	8E-09	0	1.38094E-13	0.7940971	4.776044E-05	2.787591E-05	3.962969E-09	0	8E-09	2.787591E-05	0.7940971	0.3807682	
0.946	8E-09	0	1.106809E-13	0.7952777	4.042196E-05	2.230073E-05	3.970375E-09	0	8E-09	2.230073E-05	0.7952777	0.384022	
0.9480001	8E-09	0	8.867635E-14	0.7962221	3.41111E-05	1.784058E-05	3.9763E-09	0	8E-09	1.784058E-05	0.7962221	0.3867436	
0.95	8E-09	0	7.102533E-14	0.7969776	2.870938E-05	1.427247E-05	3.981039E-09	0	8E-09	1.427247E-05	0.7969776	0.3890157	
0.952	8E-09	0	5.687418E-14	0.7975821	2.410499E-05	1.141797E-05	3.984832E-09	0	8E-09	1.141797E-05	0.7975821	0.3909092	
0.9540001	8E-09	0	4.553386E-14	0.7980657	2.019467E-05	9.134378E-06	3.987865E-09	0	8E-09	9.134378E-06	0.7980657	0.3924846	
0.956	8E-09	0	3.644917E-14	0.7984525	1.688472E-05	7.307503E-06	3.990292E-09	0	8E-09	7.307503E-06	0.7984525	0.3937936	
0.9580001	8E-09	0	2.917347E-14	0.798762	1.409125E-05	5.846002E-06	3.992233E-09	0	8E-09	5.846002E-06	0.798762	0.3948795	
0.96	8E-09	0	2.334782E-14	0.7990096	1.173995E-05	4.676801E-06	3.993786E-09	0	8E-09	4.676801E-06	0.7990096	0.3957793	
0.9620001	8E-09	0	1.868404E-14	0.7992077	9.765643E-06	3.741441E-06	3.995029E-09	0	8E-09	3.741441E-06	0.7992077	0.396524	
0.964	8E-09	0	1.495094E-14	0.7993662	8.111532E-06	2.993153E-06	3.996024E-09	0	8E-09	2.993153E-06	0.7993662	0.3971397	
0.966	8E-09	0	1.196313E-14	0.7994929	6.728488E-06	2.394522E-06	3.996819E-09	0	8E-09	2.394522E-06	0.7994929	0.3976481	
0.9680001	8E-09	0	9.572017E-15	0.7995943	5.574231E-06	1.915618E-06	3.997455E-09	0	8E-09	1.915618E-06	0.7995943	0.3980676	
0.97	8E-09	0	7.658585E-15	0.7996755	4.612556E-06	1.532494E-06	3.997964E-09	0	8E-09	1.532494E-06	0.7996755	0.3984133	
0.9720001	8E-09	0	6.12749E-15	0.7997403	3.812595E-06	1.225995E-06	3.998371E-09	0	8E-09	1.225995E-06	0.7997403	0.3986981	
0.974	8E-09	0	4.90239E-15	0.7997923	3.148124E-06	0	3.998696E-09	0	8E-09	0	0.7997923	0.3989324	
0.9760001	8E-09	0	0	0.7998338	2.518499E-06	0	3.998962E-09	0	8E-09	0	0.7998338	0.3991252	
0.978	8E-09	0	0	0.799867	2.014799E-06	0	3.999169E-09	0	8E-09	0	0.799867	0.3992835	
0.98	8E-09	0	0	0.7998937	1.611839E-06	0	3.999335E-09	0	8E-09	0	0.7998937	0.3994135	
0.9820001	8E-09	0	0	0.7999149	1.289472E-06	0	3.999468E-09	0	8E-09	0	0.7999149	0.3995202	
0.984	8E-09	0	0	0.7999319	1.031577E-06	0	3.999574E-09	0	8E-09	0	0.7999319	0.3996076	
0.9860001	8E-09	0	0	0.7999455	0	0	3.999659E-09	0	8E-09	0	0.7999455	0.3996793	
0.988	8E-09	0	0	0.7999564	0	0	3.999728E-09	0	8E-09	0	0.7999564	0.399738	
0.9900001	8E-09	0	0	0.7999651	0	0	3.999782E-09	0	8E-09	0	0.7999651	0.3997861	
0.992	8E-09	0	0	0.7999721	0	0	3.999826E-09	0	8E-09	0	0.7999721	0.3998253	
0.994	8E-09	0	0	0.7999777	0	0	3.99986E-09	0	8E-09	0	0.7999777	0.3998575	
0.9960001	8E-09	0	0	0.7999821	0	0	3.999888E-09	0	8E-09	0	0.7999821	0.3998837	
0.998	8E-09	0	0	0.7999856	0	0	3.99991E-09	0	8E-09	0	0.7999856	0.3999052	
1	0	0	0	0.7999885	0	0	3.999928E-09	0	0	0	0.7999885	0.3999227	
1.002	0	0	0	0.6399908	0	0	3.999943E-09	0	0	0	0.6399908	0.399937	
1.004	0	0	0	0.5119926	0	0	3.199954E-09	0	0	0	0.5119926	0.3839487	
1.006	0	0	0	0.4095941	0	0	2.559963E-09	0	0	0	0.4095941	0.3583583	
1.008	0	0	0	0.3276753	0	0	2.04797E-09	0	0	0	0.3276753	0.327646	
1.01	0	0	0	0.2621402	0	0	1.638376E-09	0	0	0	0.2621402	0.2948843	
1.012	0	0	0	0.2097122	0	0	1.310701E-09	0	0	0	0.2097122	0.2621215	
1.014	0	0	0	0.1677698	0	0	1.048561E-09	0	0	0	0.1677698	0.2306684	
1.016	0	0	0	0.1342158	0	0	8.388488E-10	0	0	0	0.1342158	0.2013117	
1.018	0	0	0	0.1073726	0	0	6.71079E-10	0	0	0	0.1073726	0.1744709	
1.02	0	0	0	0.08589811	0	0	5.368632E-10	0	0	0	0.08589811	0.150314	
1.022	0	0	0	0.06871849	0	0	4.294906E-10	0	0	0	0.06871849	0.128841	
1.024	0	0	0	0.05497478	0	0	3.435924E-10	0	0	0	0.05497478	0.1099446	
1.026	0	0	0	0.04397983	0	0	2.748739E-10	0	0	0	0.04397983	0.0934532	
1.028	0	0	0	0.03518386	0	0	2.198991E-10	0	0	0	0.03518386	0.07916054	
1.03	0	0	0	0.02814709	0	0	1.759193E-10	0	0	0	0.02814709	0.06684682	
1.032	0	0	0	0.02251767	0	0	1.407355E-10	0	0	0	0.02251767	0.05629216	
1.034	0	0	0	0.01801414	0	0	1.125883E-10	0	0	0	0.01801414	0.04728549	
1.036	0	0	0	0.01441131	0	0	9.007068E-11	0	0	0	0.01441131	0.03962981	
1.038	0	0	0	0.01152905	0	0	7.205654E-11	0	0	0	0.01152905	0.03314497	
1.04	0	0	0	0.009223238	0	0	5.764524E-11	0	0	0	0.009223238	0.02766888	
1.042	0	0	0	0.007378589	0	0	4.611619E-11	0	0	0	0.007378589	0.02305743	
1.044	0	0	0	0.005902871	0	0	3.689295E-11	0	0	0	0.005902871	0.0191838	
1.046	0	0	0	0.004722297	0	0	2.951436E-11	0	0	0	0.004722297	0.01593733	
1.048	0	0	0	0.003777838	0	0	2.361149E-11	0	0	0	0.003777838	0.01322209	
1.05	0	0	0	0.00302227	0	0	1.888919E-11	0	0	0	0.00302227	0.01095546	
1.052	0	0	0	0.002417816	0	0	1.511135E-11	0	0	0	0.002417816	0.009066592	
1.054	0	0	0	0.001934253	0	0	1.208908E-11	0	0	0	0.001934253	0.007495055	
1.056	0	0	0	0.001547402	0	0	9.671266E-12	0	0	0	0.001547402	0.00618947	
1.058	0	0	0	0.001237922	0	0	7.737012E-12	0	0	0	0.001237922	0.005106316	
1.06	0	0	0	0.0009903375	0	0	6.18961E-12	0	0	0	0.0009903375	0.004208845	
1.062	0	0	0	0.0007922699	0	0	4.951687E-12	0	0	0	0.0007922699	0.00346611	
1.064	0	0	0	0.0006338159	0	0	3.96135E-12	0	0	0	0.0006338159	0.002852115	
1.066	0	0	0	0.0005070528	0	0	3.16908E-12	0	0	0	0.0005070528	0.002345073	
1.068	0	0	0	0.0004056422	0	0	2.535264E-12	0	0	0	0.0004056422	0.001926764	
1.07	0	0	0	0.0003245138	0	0	2.028211E-12	0	0	0	0.0003245138	0.001581975	
1.072	0	0	0	0.000259611	0	0	1.622569E-12	0	0	0	0.000259611	0.001298032	
1.074	0	0	0	0.0002076888	0	0	1.298055E-12	0	0	0	0.0002076888	0.001064386	
1.076	0	0	0	0.000166151	0	0	1.038444E-12	0	0	0	0.000166151	0.0008722779	
1.078	0	0	0	0.0001329208	0	0	8.307552E-13	0	0	0	0.0001329208	0.0007144374	
1.08	0	0	0	0.0001063367	0	0	6.646042E-13	0	0	0	0.0001063367	0.000584842	
1.082	0	0	0	8.506933E-05	0	0	5.316833E-13	0	0	0	8.506933E-05	0.0004785073	
1.084	0	0	0	6.805547E-05	0	0	4.253467E-13	0	0	0	6.805547E-05	0.0003913127	
1.086	0	0	0	5.444437E-05	0	0	3.402773E-13	0	0	0	5.444437E-05	0.0003198557	
1.088	0	0	0	4.35555E-05	0	0	2.722219E-13	0	0	0	4.35555E-05	0.000261329	
1.09	0	0	0	3.48444E-05	0	0	2.177775E-13	0	0	0	3.48444E-05	0.0002134188	
1.092	0	0	0	2.787552E-05	0	0	1.74222E-13	0	0	0	2.787552E-05	0.0001742194	
1.094	0	0	0	2.230041E-05	0	0	1.393776E-13	0	0	0	2.230041E-05	0.0001421631	
1.096	0	0	0	1.784033E-05	0	0	1.115021E-13	0	0	0	1.784033E-05	0.0001159605	
1.098	0	0	0	1.427226E-05	0	0	8.920165E-14	0	0	0	1.427226E-05	9.455245E-05	
1.1	0	0	0	1.141781E-05	0	0	7.136132E-14	0	0	0	1.141781E-05	7.706919E-05	
1.102	0	0	0	9.134248E-06	0	0	5.708905E-14	0	0	0	9.134248E-06	6.279713E-05	
1.104	0	0	0	7.307399E-06	0	0	4.567124E-14	0	0	0	7.307399E-06	5.115113E-05	
1.106	0	0	0	5.845919E-06	0	0	3.653699E-14	0	0	0	5.845919E-06	4.165165E-05	
1.108	0	0	0	4.676735E-06	0	0	2.92296E-14	0	0	0	4.676735E-06	3.390591E-05	
1.11	0	0	0	3.741388E-06	0	0	2.338368E-14	0	0	0	3.741388E-06	2.75924E-05	
1.112	0	0	0	2.993111E-06	0	0	1.870694E-14	0	0	0	2.993111E-06	2.244806E-05	
1.114	0	0	0	2.394488E-06	0	0	1.496555E-14	0	0	0	2.394488E-06	1.825776E-05	
1.116	0	0	0	1.915591E-06	0	0	1.197244E-14	0	0	0	1.915591E-06	1.484565E-05	
1.118	0	0	0	1.532472E-06	0	0	9.577954E-15	0	0	0	1.532472E-06	1.206808E-05	
1.12	0	0	0	1.225978E-06	0	0	7.662362E-15	0	0	0	1.225978E-06	9.807713E-06	
1.122	0	0	0	0	0	0	6.12989E-15	0	0	0	0	7.968769E-06	
1.124	0	0	0	0	0	0	0	0	0	0	0	6.375015E-06	
1.126	0	0	0	0	0	0	0	0	0	0	0	5.100012E-06	
1.128	0	0	0	0	0	0	0	0	0	0	0	4.08001E-06	
1.13	0	0	0	0	0	0	0	0	0	0	0	3.264007E-06	
1.132	0	0	0	0	0	0	0	0	0	0	0	2.611206E-06	
1.134	0	0	0	0	0	0	0	0	0	0	0	2.088965E-06	
1.136	0	0	0	0	0	0	0	0	0	0	0	1.671172E-06	
1.138	0	0	0	0	0	0	0	0	0	0	0	1.336937E-06	
1.14	0	0	0	0	0	0	0	0	0	0	0	1.06955E-06	
1.142	0	0	0	0	0	0	0	0	0	0	0	0	
1.144	0	0	0	0	0	0	0	0	0	0	0	0	
1.146	0	0	0	0	0	0	0	0	0	0	0	0	
1.148	0	0	0	0	0	0	0	0	0	0	0	0	
1.15	0	0	0	0	0	0	0	0	0	0	0	0	
1.152	0	0	0	0	0	0	0	0	0	0	0	0	
1.154	0	0	0	0	0	0	0	0	0	0	0	0	
1.156	0	0	0	0	0	0	0	0	0	0	0	0	
1.158	0	0	0	0	0	0	0	0	0	0	0	0	
1.16	0	0	0	0	0	0	0	0	0	0	0	0	
1.162	0	0	0	0	0	0	0	0	0	0	0	0	
1.164	0	0	0	0	0	0	0	0	0	0	0	0	
1.166	0	0	0	0	0	0	0	0	0	0	0	0	
1.168	0	0	0	0	0	0	0	0	0	0	0	0	
1.17	0	0	0	0	0	0	0	0	0	0	0	0	
1.172	0	0	0	0	0	0	0	0	0	0	0	0	
1.174	0	0	0	0	0	0	0	0	0	0	0	0	
1.176	0	0	0	0	0	0	0	0	0	0	0	0	
1.178	0	0	0	0	0	0	0	0	0	0	0	0	
1.18	0	0	0	0	0	0	0	0	0	0	0	0	
1.182	0	0	0	0	0	0	0	0	0	0	0	0	
1.184	0	0	0	0	0	0	0	0	0	0	0	0	
1.186	0	0	0	0	0	0	0	0	0	0	0	0	
1.188	0	0	0	0	0	0	0	0	0	0	0	0	
1.19	0	0	0	0	0	0	0	0	0	0	0	0	
1.192	0	0	0	0	0	0	0	0	0	0	0	0	
1.194	0	0	0	0	0	0	0	0	0	0	0	0	
1.196	0	0	0	0	0	0	0	0	0	0	0	0	
1.198	0	0	0	0	0	0	0	0	0	0	0	0	
1.2	0	0	0	0	0	0	0	0	0	0	0	0	
