Time	10ExternalUp	11SynapticUp	12ExternalUp	12FFUp	10FFUp	11FFUp	13SynapticDown	14ExternalDown	10ExternalDown	10FFDown	14FFDown	13FFDown	
0	0	0	0	0	0	0	0	0	0	0	0	0	
0.002	0	0	0	0	0	0	0	0	0	0	0	0	
0.004	0	0	0	0	0	0	0	0	0	0	0	0	
0.006	0	0	0	0	0	0	0	0	0	0	0	0	
0.008	0	0	0	0	0	0	0	0	0	0	0	0	
0.01	0	0	0	0	0	0	0	0	0	0	0	0	
0.012	0	0	0	0	0	0	0	0	0	0	0	0	
0.014	0	0	0	0	0	0	0	0	0	0	0	0	
0.016	0	0	0	0	0	0	0	0	0	0	0	0	
0.018	0	0	0	0	0	0	0	0	0	0	0	0	
0.02	0	0	0	0	0	0	0	0	0	0	0	0	
0.022	0	0	0	0	0	0	0	0	0	0	0	0	
0.024	0	0	0	0	0	0	0	0	0	0	0	0	
0.026	0	0	0	0	0	0	0	0	0	0	0	0	
0.028	0	0	0	0	0	0	0	0	0	0	0	0	
0.03	0	0	0	0	0	0	0	0	0	0	0	0	
0.032	0	0	0	0	0	0	0	0	0	0	0	0	
0.034	0	0	0	0	0	0	0	0	0	0	0	0	
0.036	0	0	0	0	0	0	0	0	0	0	0	0	
0.038	0	0	0	0	0	0	0	0	0	0	0	0	
0.04	0	0	0	0	0	0	0	0	0	0	0	0	
0.042	0	0	0	0	0	0	0	0	0	0	0	0	
0.044	0	0	0	0	0	0	0	0	0	0	0	0	
0.046	0	0	0	0	0	0	0	0	0	0	0	0	
0.048	0	0	0	0	0	0	0	0	0	0	0	0	
0.05	0	0	0	0	0	0	0	0	0	0	0	0	
0.052	0	0	0	0	0	0	0	0	0	0	0	0	
0.054	0	0	0	0	0	0	0	0	0	0	0	0	
0.056	0	0	0	0	0	0	0	0	0	0	0	0	
0.058	0	0	0	0	0	0	0	0	0	0	0	0	
0.06	0	0	0	0	0	0	0	0	0	0	0	0	
0.062	0	0	0	0	0	0	0	0	0	0	0	0	
0.064	0	0	0	0	0	0	0	0	0	0	0	0	
0.066	0	0	0	0	0	0	0	0	0	0	0	0	
0.068	0	0	0	0	0	0	0	0	0	0	0	0	
0.07	0	0	0	0	0	0	0	0	0	0	0	0	
0.072	0	0	0	0	0	0	0	0	0	0	0	0	
0.074	0	0	0	0	0	0	0	0	0	0	0	0	
0.07600001	0	0	0	0	0	0	0	0	0	0	0	0	
0.078	0	0	0	0	0	0	0	0	0	0	0	0	
0.08000001	0	0	0	0	0	0	0	0	0	0	0	0	
0.082	0	0	0	0	0	0	0	0	0	0	0	0	
0.08400001	0	0	0	0	0	0	0	0	0	0	0	0	
0.086	0	0	0	0	0	0	0	0	0	0	0	0	
0.08800001	0	0	0	0	0	0	0	0	0	0	0	0	
0.09	0	0	0	0	0	0	0	0	0	0	0	0	
0.09200001	0	0	0	0	0	0	0	0	0	0	0	0	
0.094	0	0	0	0	0	0	0	0	0	0	0	0	
0.096	0	0	0	0	0	0	0	0	0	0	0	0	
0.098	0	0	0	0	0	0	0	0	0	0	0	0	
0.1	-2E-09	0	0	0	0	0	0	0	-2E-09	0	0	0	
0.102	-2E-09	0	0	0	0	0	0	0	-2E-09	0	0	0	
0.104	-2E-09	0	0	0	0	0	0	0	-2E-09	0	0	0	
0.106	-2E-09	0	0	0	0	0	0	0	-2E-09	0	0	0	
0.108	-2E-09	0	0	0	0	0	0	0	-2E-09	0	0	0	
0.11	-2E-09	0	0	0	0	0	0	0	-2E-09	0	0	0	
0.112	-2E-09	0	0	0	0	0	0	0	-2E-09	0	0	0	
0.114	-2E-09	0	0	0	0	0	0	0	-2E-09	0	0	0	
0.116	-2E-09	0	0	0	0	0	0	0	-2E-09	0	0	0	
0.118	-2E-09	0	0	0	0	0	0	0	-2E-09	0	0	0	
0.12	-2E-09	0	0	0	0	0	0	0	-2E-09	0	0	0	
0.122	-2E-09	0	0	0	0	0	0	0	-2E-09	0	0	0	
0.124	-2E-09	0	0	0	0	0	0	0	-2E-09	0	0	0	
0.126	-2E-09	0	0	0	0	0	0	0	-2E-09	0	0	0	
0.128	-2E-09	0	0	0	0	0	0	0	-2E-09	0	0	0	
0.13	-2E-09	0	0	0	0	0	0	0	-2E-09	0	0	0	
0.132	-2E-09	0	0	0	0	0	0	0	-2E-09	0	0	0	
0.134	-2E-09	0	0	0	0	0	0	0	-2E-09	0	0	0	
0.136	-2E-09	0	0	0	0	0	0	0	-2E-09	0	0	0	
0.138	-2E-09	0	0	0	0	0	0	0	-2E-09	0	0	0	
0.14	-2E-09	0	0	0	0	0	0	0	-2E-09	0	0	0	
0.142	-2E-09	0	0	0	0	0	0	0	-2E-09	0	0	0	
0.144	-2E-09	0	0	0	0	0	0	0	-2E-09	0	0	0	
0.146	-2E-09	0	0	0	0	0	0	0	-2E-09	0	0	0	
0.148	-2E-09	0	0	0	0	0	0	0	-2E-09	0	0	0	
0.15	-2E-09	0	0	0	0	0	0	0	-2E-09	0	0	0	
0.152	-2E-09	0	0	0	0	0	0	0	-2E-09	0	0	0	
0.154	-2E-09	0	0	0	0	0	0	0	-2E-09	0	0	0	
0.156	-2E-09	0	0	0	0	0	0	0	-2E-09	0	0	0	
0.158	-2E-09	0	0	0	0	0	0	0	-2E-09	0	0	0	
0.16	-2E-09	0	0	0	0	0	0	0	-2E-09	0	0	0	
0.162	-2E-09	0	0	0	0	0	0	0	-2E-09	0	0	0	
0.164	-2E-09	0	0	0	0	0	0	0	-2E-09	0	0	0	
0.166	-2E-09	0	0	0	0	0	0	0	-2E-09	0	0	0	
0.168	-2E-09	0	0	0	0	0	0	0	-2E-09	0	0	0	
0.17	-2E-09	0	0	0	0	0	0	0	-2E-09	0	0	0	
0.172	-2E-09	0	0	0	0	0	0	0	-2E-09	0	0	0	
0.174	-2E-09	0	0	0	0	0	0	0	-2E-09	0	0	0	
0.176	-2E-09	0	0	0	0	0	0	0	-2E-09	0	0	0	
0.178	-2E-09	0	0	0	0	0	0	0	-2E-09	0	0	0	
0.18	-2E-09	0	0	0	0	0	0	0	-2E-09	0	0	0	
0.182	-2E-09	0	0	0	0	0	0	0	-2E-09	0	0	0	
0.184	-2E-09	0	0	0	0	0	0	0	-2E-09	0	0	0	
0.186	-2E-09	0	0	0	0	0	0	0	-2E-09	0	0	0	
0.188	-2E-09	0	0	0	0	0	0	0	-2E-09	0	0	0	
0.19	-2E-09	0	0	0	0	0	0	0	-2E-09	0	0	0	
0.192	-2E-09	0	0	0	0	0	0	0	-2E-09	0	0	0	
0.194	-2E-09	0	0	0	0	0	0	0	-2E-09	0	0	0	
0.196	-2E-09	0	0	0	0	0	0	0	-2E-09	0	0	0	
0.198	-2E-09	0	0	0	0	0	0	0	-2E-09	0	0	0	
0.2	0	0	0	0	0	0	0	0	0	0	0	0	
0.202	0	0	0	0	0	0	0	0	0	0	0	0	
0.204	0	0	0	0	0	0	0	0	0	0	0	0	
0.206	0	0	0	0	0	0	0	0	0	0	0	0	
0.208	0	0	0	0	0	0	0	0	0	0	0	0	
0.21	0	0	0	0	0	0	0	0	0	0	0	0	
0.212	0	0	0	0	0	0	0	0	0	0	0	0	
0.214	0	0	0	0	0	0	0	0	0	0	0	0	
0.216	0	0	0	0	0	0	0	0	0	0	0	0	
0.218	0	0	0	0	0	0	0	0	0	0	0	0	
0.22	0	0	0	0	0	0	0	0	0	0	0	0	
0.222	0	0	0	0	0	0	0	0	0	0	0	0	
0.224	0	0	0	0	0	0	0	0	0	0	0	0	
0.226	0	0	0	0	0	0	0	0	0	0	0	0	
0.228	0	0	0	0	0	0	0	0	0	0	0	0	
0.23	0	0	0	0	0	0	0	0	0	0	0	0	
0.232	0	0	0	0	0	0	0	0	0	0	0	0	
0.234	0	0	0	0	0	0	0	0	0	0	0	0	
0.236	0	0	0	0	0	0	0	0	0	0	0	0	
0.238	0	0	0	0	0	0	0	0	0	0	0	0	
0.24	0	0	0	0	0	0	0	0	0	0	0	0	
0.242	0	0	0	0	0	0	0	0	0	0	0	0	
0.244	0	0	0	0	0	0	0	0	0	0	0	0	
0.246	0	0	0	0	0	0	0	0	0	0	0	0	
0.248	0	0	0	0	0	0	0	0	0	0	0	0	
0.25	0	0	0	0	0	0	0	0	0	0	0	0	
0.252	0	0	0	0	0	0	0	0	0	0	0	0	
0.254	0	0	0	0	0	0	0	0	0	0	0	0	
0.256	0	0	0	0	0	0	0	0	0	0	0	0	
0.258	0	0	0	0	0	0	0	0	0	0	0	0	
0.26	0	0	0	0	0	0	0	0	0	0	0	0	
0.262	0	0	0	0	0	0	0	0	0	0	0	0	
0.264	0	0	0	0	0	0	0	0	0	0	0	0	
0.266	0	0	0	0	0	0	0	0	0	0	0	0	
0.268	0	0	0	0	0	0	0	0	0	0	0	0	
0.27	0	0	0	0	0	0	0	0	0	0	0	0	
0.272	0	0	0	0	0	0	0	0	0	0	0	0	
0.274	0	0	0	0	0	0	0	0	0	0	0	0	
0.276	0	0	0	0	0	0	0	0	0	0	0	0	
0.278	0	0	0	0	0	0	0	0	0	0	0	0	
0.28	0	0	0	0	0	0	0	0	0	0	0	0	
0.282	0	0	0	0	0	0	0	0	0	0	0	0	
0.284	0	0	0	0	0	0	0	0	0	0	0	0	
0.286	0	0	0	0	0	0	0	0	0	0	0	0	
0.288	0	0	0	0	0	0	0	0	0	0	0	0	
0.29	0	0	0	0	0	0	0	0	0	0	0	0	
0.292	0	0	0	0	0	0	0	0	0	0	0	0	
0.294	0	0	0	0	0	0	0	0	0	0	0	0	
0.296	0	0	0	0	0	0	0	0	0	0	0	0	
0.298	0	0	0	0	0	0	0	0	0	0	0	0	
0.3	2E-09	0	0	0	0	0	0	0	2E-09	0	0	0	
0.302	2E-09	0	0	0	0.03999772	0	0	0	2E-09	0.03999772	0	0	
0.304	2E-09	1.999886E-10	0	0	0.07199817	0.003999772	1.999886E-10	0	2E-09	0.07199817	0	0.003999772	
0.306	2E-09	3.599908E-10	0	0	0.09759854	0.01039963	3.599908E-10	0	2E-09	0.09759854	0	0.01039963	
0.308	2E-09	4.879927E-10	0	0	0.1180788	0.01807956	4.879927E-10	0	2E-09	0.1180788	0	0.01807956	
0.31	2E-09	5.903941E-10	0	0	0.1344631	0.02627153	5.903941E-10	0	2E-09	0.1344631	0	0.02627153	
0.312	2E-09	6.723154E-10	0	0	0.1475705	0.03446354	6.723154E-10	0	2E-09	0.1475705	0	0.03446354	
0.314	2E-09	7.378523E-10	0	0	0.1580563	0.04232787	7.378523E-10	0	2E-09	0.1580563	0	0.04232787	
0.316	2E-09	7.902817E-10	0	0	0.1664451	0.04966794	7.902817E-10	0	2E-09	0.1664451	0	0.04966794	
0.318	2E-09	8.322254E-10	0	0	0.1731561	0.05637886	8.322254E-10	0	2E-09	0.1731561	0	0.05637886	
0.32	2E-09	8.657803E-10	0	0	0.1785249	0.06241869	8.657803E-10	0	2E-09	0.1785249	0	0.06241869	
0.322	2E-09	8.926243E-10	0	0	0.1828199	0.06778744	8.926243E-10	0	2E-09	0.1828199	0	0.06778744	
0.324	2E-09	9.140994E-10	0	0	0.1862559	0.07251194	9.140994E-10	0	2E-09	0.1862559	0	0.07251194	
0.326	2E-09	9.312795E-10	0	0	0.1890047	0.07663514	9.312795E-10	0	2E-09	0.1890047	0	0.07663514	
0.328	2E-09	9.450236E-10	0	0	0.1912038	0.08020859	9.450236E-10	0	2E-09	0.1912038	0	0.08020859	
0.33	2E-09	9.560189E-10	0	0	0.192963	0.08328725	9.560189E-10	0	2E-09	0.192963	0	0.08328725	
0.332	2E-09	9.648151E-10	0	0	0.1943704	0.08592612	9.648151E-10	0	2E-09	0.1943704	0	0.08592612	
0.334	2E-09	9.718522E-10	0	0	0.1954964	0.08817793	9.718522E-10	0	2E-09	0.1954964	0	0.08817793	
0.336	2E-09	9.774818E-10	0	0	0.1963971	0.09009197	9.774818E-10	0	2E-09	0.1963971	0	0.09009197	
0.338	2E-09	9.819853E-10	0	0	0.1971176	0.09171329	9.819853E-10	0	2E-09	0.1971176	0	0.09171329	
0.34	2E-09	9.855882E-10	0	0	0.1976941	0.0930824	9.855882E-10	0	2E-09	0.1976941	0	0.0930824	
0.342	2E-09	9.884706E-10	0	0	0.1981553	0.09423532	9.884706E-10	0	2E-09	0.1981553	0	0.09423532	
0.344	2E-09	9.907765E-10	0	0	0.1985242	0.09520379	9.907765E-10	0	2E-09	0.1985242	0	0.09520379	
0.346	2E-09	9.926211E-10	0	0	0.1988194	0.09601545	9.926211E-10	0	2E-09	0.1988194	0	0.09601545	
0.348	2E-09	9.940968E-10	0	0	0.1990555	0.09669431	9.940968E-10	0	2E-09	0.1990555	0	0.09669431	
0.35	2E-09	9.952775E-10	0	0	0.1992444	0.097261	9.952775E-10	0	2E-09	0.1992444	0	0.097261	
0.352	2E-09	9.96222E-10	0	0	0.1993955	0.09773323	9.96222E-10	0	2E-09	0.1993955	0	0.09773323	
0.354	2E-09	9.969775E-10	0	0	0.1995164	0.09812614	9.969775E-10	0	2E-09	0.1995164	0	0.09812614	
0.356	2E-09	9.97582E-10	0	0	0.1996131	0.09845255	9.97582E-10	0	2E-09	0.1996131	0	0.09845255	
0.358	2E-09	9.980656E-10	0	0	0.1996905	0.09872335	9.980656E-10	0	2E-09	0.1996905	0	0.09872335	
0.36	2E-09	9.984524E-10	0	0	0.1997524	0.09894773	9.984524E-10	0	2E-09	0.1997524	0	0.09894773	
0.362	2E-09	9.98762E-10	0	0	0.1998019	0.09913342	9.98762E-10	0	2E-09	0.1998019	0	0.09913342	
0.364	2E-09	9.990097E-10	0	0	0.1998415	0.09928693	9.990097E-10	0	2E-09	0.1998415	0	0.09928693	
0.366	2E-09	9.992077E-10	0	0	0.1998732	0.0994137	9.992077E-10	0	2E-09	0.1998732	0	0.0994137	
0.368	2E-09	9.993661E-10	0	0	0.1998986	0.09951829	9.993661E-10	0	2E-09	0.1998986	0	0.09951829	
0.37	2E-09	9.994928E-10	0	0	0.1999189	0.09960449	9.994928E-10	0	2E-09	0.1999189	0	0.09960449	
0.372	2E-09	9.995943E-10	0	0	0.1999351	0.09967547	9.995943E-10	0	2E-09	0.1999351	0	0.09967547	
0.374	2E-09	9.996753E-10	0	0	0.1999481	0.09973388	9.996753E-10	0	2E-09	0.1999481	0	0.09973388	
0.376	2E-09	9.997404E-10	0	0	0.1999585	0.09978191	9.997404E-10	0	2E-09	0.1999585	0	0.09978191	
0.378	2E-09	9.997922E-10	0	0	0.1999668	0.09982137	9.997922E-10	0	2E-09	0.1999668	0	0.09982137	
0.38	2E-09	9.998338E-10	0	0	0.1999734	0.09985377	9.998338E-10	0	2E-09	0.1999734	0	0.09985377	
0.382	2E-09	9.998671E-10	0	0	0.1999787	0.09988036	9.998671E-10	0	2E-09	0.1999787	0	0.09988036	
0.384	2E-09	9.998936E-10	0	0	0.199983	0.09990216	9.998936E-10	0	2E-09	0.199983	0	0.09990216	
0.386	2E-09	9.999148E-10	0	0	0.1999864	0.09992003	9.999148E-10	0	2E-09	0.1999864	0	0.09992003	
0.388	2E-09	9.999319E-10	0	0	0.1999891	0.09993465	9.999319E-10	0	2E-09	0.1999891	0	0.09993465	
0.39	2E-09	9.999455E-10	0	0	0.1999913	0.09994663	9.999455E-10	0	2E-09	0.1999913	0	0.09994663	
0.392	2E-09	9.999565E-10	0	0	0.199993	0.09995644	9.999565E-10	0	2E-09	0.199993	0	0.09995644	
0.394	2E-09	9.999651E-10	0	0	0.1999944	0.09996445	9.999651E-10	0	2E-09	0.1999944	0	0.09996445	
0.396	2E-09	9.999721E-10	0	0	0.1999955	0.099971	9.999721E-10	0	2E-09	0.1999955	0	0.099971	
0.398	2E-09	9.999775E-10	0	0	0.1999964	0.09997635	9.999775E-10	0	2E-09	0.1999964	0	0.09997635	
0.4	0	9.999821E-10	0	0	0.1999971	0.09998072	9.999821E-10	0	0	0.1999971	0	0.09998072	
0.402	0	9.999856E-10	0	0	0.1599977	0.09998429	9.999856E-10	0	0	0.1599977	0	0.09998429	
0.404	0	7.999885E-10	0	0	0.1279982	0.0959872	7.999885E-10	0	0	0.1279982	0	0.0959872	
0.406	0	6.399908E-10	0	0	0.1023985	0.08958957	6.399908E-10	0	0	0.1023985	0	0.08958957	
0.408	0	5.119926E-10	0	0	0.08191882	0.0819115	5.119926E-10	0	0	0.08191882	0	0.0819115	
0.41	0	4.095941E-10	0	0	0.06553505	0.07372109	4.095941E-10	0	0	0.06553505	0	0.07372109	
0.412	0	3.276753E-10	0	0	0.05242804	0.06553037	3.276753E-10	0	0	0.05242804	0	0.06553037	
0.414	0	2.621402E-10	0	0	0.04194244	0.0576671	2.621402E-10	0	0	0.04194244	0	0.0576671	
0.416	0	2.097122E-10	0	0	0.03355395	0.05032793	2.097122E-10	0	0	0.03355395	0	0.05032793	
0.418	0	1.677698E-10	0	0	0.02684316	0.04361774	1.677698E-10	0	0	0.02684316	0	0.04361774	
0.42	0	1.342158E-10	0	0	0.02147453	0.0375785	1.342158E-10	0	0	0.02147453	0	0.0375785	
0.422	0	1.073726E-10	0	0	0.01717962	0.03221026	1.073726E-10	0	0	0.01717962	0	0.03221026	
0.424	0	8.589811E-11	0	0	0.0137437	0.02748617	8.589811E-11	0	0	0.0137437	0	0.02748617	
0.426	0	6.871848E-11	0	0	0.01099496	0.0233633	6.871848E-11	0	0	0.01099496	0	0.0233633	
0.428	0	5.497479E-11	0	0	0.008795965	0.01979014	5.497479E-11	0	0	0.008795965	0	0.01979014	
0.43	0	4.397983E-11	0	0	0.007036773	0.01671171	4.397983E-11	0	0	0.007036773	0	0.01671171	
0.432	0	3.518386E-11	0	0	0.005629417	0.01407304	3.518386E-11	0	0	0.005629417	0	0.01407304	
0.434	0	2.814709E-11	0	0	0.004503534	0.01182138	2.814709E-11	0	0	0.004503534	0	0.01182138	
0.436	0	2.251767E-11	0	0	0.003602827	0.009907454	2.251767E-11	0	0	0.003602827	0	0.009907454	
0.438	0	1.801414E-11	0	0	0.002882262	0.008286246	1.801414E-11	0	0	0.002882262	0	0.008286246	
0.44	0	1.441131E-11	0	0	0.002305809	0.006917222	1.441131E-11	0	0	0.002305809	0	0.006917222	
0.442	0	1.152905E-11	0	0	0.001844647	0.005764359	1.152905E-11	0	0	0.001844647	0	0.005764359	
0.444	0	9.223237E-12	0	0	0.001475718	0.004795952	9.223237E-12	0	0	0.001475718	0	0.004795952	
0.446	0	7.378589E-12	0	0	0.001180574	0.003984333	7.378589E-12	0	0	0.001180574	0	0.003984333	
0.448	0	5.902872E-12	0	0	0.0009444595	0.003305524	5.902872E-12	0	0	0.0009444595	0	0.003305524	
0.45	0	4.722297E-12	0	0	0.0007555676	0.002738865	4.722297E-12	0	0	0.0007555676	0	0.002738865	
0.452	0	3.777838E-12	0	0	0.0006044541	0.002266648	3.777838E-12	0	0	0.0006044541	0	0.002266648	
0.454	0	3.02227E-12	0	0	0.0004835633	0.001873764	3.02227E-12	0	0	0.0004835633	0	0.001873764	
0.456	0	2.417816E-12	0	0	0.0003868506	0.001547368	2.417816E-12	0	0	0.0003868506	0	0.001547368	
0.458	0	1.934253E-12	0	0	0.0003094805	0.001276579	1.934253E-12	0	0	0.0003094805	0	0.001276579	
0.46	0	1.547402E-12	0	0	0.0002475844	0.001052212	1.547402E-12	0	0	0.0002475844	0	0.001052212	
0.462	0	1.237922E-12	0	0	0.0001980675	0.0008665276	1.237922E-12	0	0	0.0001980675	0	0.0008665276	
0.464	0	9.903375E-13	0	0	0.000158454	0.0007130288	9.903375E-13	0	0	0.000158454	0	0.0007130288	
0.466	0	7.922699E-13	0	0	0.0001267632	0.0005862684	7.922699E-13	0	0	0.0001267632	0	0.0005862684	
0.468	0	6.338159E-13	0	0	0.0001014106	0.0004816911	6.338159E-13	0	0	0.0001014106	0	0.0004816911	
0.47	0	5.070527E-13	0	0	8.112844E-05	0.0003954939	5.070527E-13	0	0	8.112844E-05	0	0.0003954939	
0.472	0	4.056422E-13	0	0	6.490275E-05	0.000324508	4.056422E-13	0	0	6.490275E-05	0	0.000324508	
0.474	0	3.245137E-13	0	0	5.19222E-05	0.0002660966	3.245137E-13	0	0	5.19222E-05	0	0.0002660966	
0.476	0	2.59611E-13	0	0	4.153776E-05	0.0002180695	2.59611E-13	0	0	4.153776E-05	0	0.0002180695	
0.478	0	2.076888E-13	0	0	3.323021E-05	0.0001786094	2.076888E-13	0	0	3.323021E-05	0	0.0001786094	
0.48	0	1.66151E-13	0	0	2.658417E-05	0.0001462105	1.66151E-13	0	0	2.658417E-05	0	0.0001462105	
0.482	0	1.329208E-13	0	0	2.126733E-05	0.0001196269	1.329208E-13	0	0	2.126733E-05	0	0.0001196269	
0.484	0	1.063367E-13	0	0	1.701387E-05	9.782822E-05	1.063367E-13	0	0	1.701387E-05	0	9.782822E-05	
0.486	0	8.506933E-14	0	0	1.361109E-05	7.996395E-05	8.506933E-14	0	0	1.361109E-05	0	7.996395E-05	
0.488	0	6.805547E-14	0	0	1.088887E-05	6.533227E-05	6.805547E-14	0	0	1.088887E-05	0	6.533227E-05	
0.49	0	5.444437E-14	0	0	8.711099E-06	5.335471E-05	5.444437E-14	0	0	8.711099E-06	0	5.335471E-05	
0.492	0	4.35555E-14	0	0	6.968879E-06	4.355487E-05	4.35555E-14	0	0	6.968879E-06	0	4.355487E-05	
0.494	0	3.48444E-14	0	0	5.575103E-06	3.554079E-05	3.48444E-14	0	0	5.575103E-06	0	3.554079E-05	
0.496	0	2.787551E-14	0	0	4.460082E-06	2.899014E-05	2.787551E-14	0	0	4.460082E-06	0	2.899014E-05	
0.498	0	2.230041E-14	0	0	3.568066E-06	2.363812E-05	2.230041E-14	0	0	3.568066E-06	0	2.363812E-05	
0.5	4E-09	1.784033E-14	0	0	2.854453E-06	1.92673E-05	1.784033E-14	0	4E-09	2.854453E-06	0	1.92673E-05	
0.502	4E-09	1.427226E-14	0	0	0.08000229	1.569929E-05	1.427226E-14	0	4E-09	0.08000229	0	1.569929E-05	
0.504	4E-09	4.000114E-10	0	0	0.1440018	0.008012788	4.000114E-10	0	4E-09	0.1440018	0	0.008012788	
0.506	4E-09	7.200091E-10	0	0	0.1952015	0.02081041	7.200091E-10	0	4E-09	0.1952015	0	0.02081041	
0.508	4E-09	9.760073E-10	0	0	0.2361612	0.03616847	9.760073E-10	0	4E-09	0.2361612	0	0.03616847	
0.5100001	4E-09	1.180806E-09	0	0	0.2689289	0.0525509	1.180806E-09	0	4E-09	0.2689289	0	0.0525509	
0.512	4E-09	1.344645E-09	0	0	0.2951432	0.06893361	1.344645E-09	0	4E-09	0.2951432	0	0.06893361	
0.514	4E-09	1.475716E-09	0	0	0.3161145	0.08466121	1.475716E-09	0	4E-09	0.3161145	0	0.08466121	
0.516	4E-09	1.580572E-09	0	0	0.3328916	0.09934042	1.580572E-09	0	4E-09	0.3328916	0	0.09934042	
0.518	4E-09	1.664458E-09	0	0	0.3463133	0.1127615	1.664458E-09	0	4E-09	0.3463133	0	0.1127615	
0.52	4E-09	1.731566E-09	0	0	0.3570506	0.1248405	1.731566E-09	0	4E-09	0.3570506	0	0.1248405	
0.522	4E-09	1.785253E-09	0	0	0.3656405	0.1355775	1.785253E-09	0	4E-09	0.3656405	0	0.1355775	
0.524	4E-09	1.828202E-09	0	0	0.3725124	0.145026	1.828202E-09	0	4E-09	0.3725124	0	0.145026	
0.526	4E-09	1.862562E-09	0	0	0.3780099	0.1532721	1.862562E-09	0	4E-09	0.3780099	0	0.1532721	
0.528	4E-09	1.89005E-09	0	0	0.3824079	0.1604187	1.89005E-09	0	4E-09	0.3824079	0	0.1604187	
0.53	4E-09	1.912039E-09	0	0	0.3859263	0.1665757	1.912039E-09	0	4E-09	0.3859263	0	0.1665757	
0.532	4E-09	1.929632E-09	0	0	0.388741	0.1718532	1.929632E-09	0	4E-09	0.388741	0	0.1718532	
0.534	4E-09	1.943705E-09	0	0	0.3909928	0.1763567	1.943705E-09	0	4E-09	0.3909928	0	0.1763567	
0.536	4E-09	1.954964E-09	0	0	0.3927943	0.1801846	1.954964E-09	0	4E-09	0.3927943	0	0.1801846	
0.538	4E-09	1.963971E-09	0	0	0.3942354	0.1834271	1.963971E-09	0	4E-09	0.3942354	0	0.1834271	
0.54	4E-09	1.971177E-09	0	0	0.3953883	0.1861652	1.971177E-09	0	4E-09	0.3953883	0	0.1861652	
0.5420001	4E-09	1.976941E-09	0	0	0.3963107	0.188471	1.976941E-09	0	4E-09	0.3963107	0	0.188471	
0.544	4E-09	1.981553E-09	0	0	0.3970485	0.1904079	1.981553E-09	0	4E-09	0.3970485	0	0.1904079	
0.546	4E-09	1.985243E-09	0	0	0.3976388	0.1920312	1.985243E-09	0	4E-09	0.3976388	0	0.1920312	
0.548	4E-09	1.988194E-09	0	0	0.398111	0.1933888	1.988194E-09	0	4E-09	0.398111	0	0.1933888	
0.55	4E-09	1.990555E-09	1E-08	0	0.3984888	0.1945222	1.990555E-09	1E-08	4E-09	0.3984888	0	0.1945222	
0.552	4E-09	1.992444E-09	1E-08	0.2	0.3987911	0.1954666	1.992444E-09	1E-08	4E-09	0.3987911	0.2	0.1954666	
0.554	4E-09	2.791538E-09	1E-08	0.36	0.3990328	0.212204	1.424254E-09	1E-08	4E-09	0.3990328	0.36	0.1848584	
0.5560001	4E-09	3.431682E-09	1E-08	0.488	0.3992262	0.2383969	1.159979E-09	1E-08	4E-09	0.3992262	0.488	0.1710863	
0.558	4E-09	3.944356E-09	1E-08	0.5904	0.399381	0.2696046	1.010188E-09	1E-08	4E-09	0.399381	0.5904	0.1570728	
0.56	4E-09	4.35485E-09	1E-08	0.67232	0.3995048	0.3027807	9.156754E-10	1E-08	4E-09	0.3995048	0.67232	0.1439717	
0.562	4E-09	4.683474E-09	1E-08	0.737856	0.3996038	0.335894	8.519533E-10	1E-08	4E-09	0.3996038	0.737856	0.1322164	
0.564	4E-09	4.94652E-09	1E-08	0.7902848	0.3996831	0.3676456	8.070484E-10	1E-08	4E-09	0.3996831	0.7902848	0.1219141	
0.566	4E-09	5.15705E-09	1E-08	0.8322278	0.3997464	0.3972575	7.744086E-10	1E-08	4E-09	0.3997464	0.8322278	0.1130195	
0.568	4E-09	5.325533E-09	1E-08	0.8657823	0.3997971	0.4243167	7.501466E-10	1E-08	4E-09	0.3997971	0.8657823	0.1054185	
0.5700001	4E-09	5.460358E-09	1E-08	0.8926258	0.3998377	0.4486605	7.318098E-10	1E-08	4E-09	0.3998377	0.8926258	0.09897099	
0.572	4E-09	5.568244E-09	1E-08	0.9141006	0.3998702	0.4702933	7.177767E-10	1E-08	4E-09	0.3998702	0.9141006	0.09353234	
0.574	4E-09	5.654567E-09	1E-08	0.9312805	0.3998961	0.489326	7.069337E-10	1E-08	4E-09	0.3998961	0.9312805	0.08896454	
0.576	4E-09	5.723636E-09	1E-08	0.9450244	0.3999169	0.5059335	6.984937E-10	1E-08	4E-09	0.3999169	0.9450244	0.08514151	
0.578	4E-09	5.778897E-09	1E-08	0.9560195	0.3999335	0.5203248	6.91886E-10	1E-08	4E-09	0.3999335	0.9560195	0.08195093	
0.58	4E-09	5.82311E-09	1E-08	0.9648156	0.3999468	0.532722	6.866898E-10	1E-08	4E-09	0.3999468	0.9648156	0.07929453	
0.582	4E-09	5.858484E-09	1E-08	0.9718525	0.3999574	0.5433472	6.82589E-10	1E-08	4E-09	0.3999574	0.9718525	0.07708741	
0.5840001	4E-09	5.886784E-09	1E-08	0.977482	0.3999659	0.5524135	6.793436E-10	1E-08	4E-09	0.3999659	0.977482	0.07525679	
0.586	4E-09	5.909425E-09	1E-08	0.9819856	0.3999728	0.5601193	6.767695E-10	1E-08	4E-09	0.3999728	0.9819856	0.07374083	
0.588	4E-09	5.927538E-09	1E-08	0.9855884	0.3999782	0.5666462	6.747245E-10	1E-08	4E-09	0.3999782	0.9855884	0.07248715	
0.59	4E-09	5.94203E-09	1E-08	0.9884708	0.3999826	0.5721576	6.730972E-10	1E-08	4E-09	0.3999826	0.9884708	0.07145166	
0.592	4E-09	5.953624E-09	1E-08	0.9907765	0.399986	0.5767985	6.718012E-10	1E-08	4E-09	0.399986	0.9907765	0.07059735	
0.594	4E-09	5.962898E-09	1E-08	0.9926212	0.3999888	0.5806968	6.707679E-10	1E-08	4E-09	0.3999888	0.9926212	0.06989324	
0.596	4E-09	5.970318E-09	1E-08	0.994097	0.399991	0.5839638	6.699437E-10	1E-08	4E-09	0.399991	0.994097	0.06931347	
0.598	4E-09	5.976254E-09	1E-08	0.9952776	0.3999928	0.5866961	6.692856E-10	1E-08	4E-09	0.3999928	0.9952776	0.06883648	
0.6	0	5.981003E-09	1E-08	0.996222	0.3999943	0.5889769	6.687601E-10	1E-08	0	0.3999943	0.996222	0.06844439	
0.6020001	0	5.984802E-09	1E-08	0.9969776	0.3199954	0.5908776	6.683404E-10	1E-08	0	0.3199954	0.9969776	0.06812231	
0.604	0	4.790259E-09	1E-08	0.9975821	0.2559963	0.5685073	5.344025E-10	1E-08	0	0.2559963	0.9975821	0.0651859	
0.606	0	3.833755E-09	1E-08	0.9980656	0.204797	0.5314809	4.273494E-10	1E-08	0	0.204797	0.9980656	0.06069571	
0.608	0	3.067994E-09	1E-08	0.9984525	0.1638376	0.4865446	3.417691E-10	1E-08	0	0.1638376	0.9984525	0.05539194	
0.61	0	2.455029E-09	1E-08	0.998762	0.1310701	0.4383363	2.733447E-10	1E-08	0	0.1310701	0.998762	0.04978045	
0.612	0	1.964429E-09	1E-08	0.9990096	0.1048561	0.3899576	2.186306E-10	1E-08	0	0.1048561	0.9990096	0.04419697	
0.614	0	1.571803E-09	1E-08	0.9992077	0.08388488	0.3434021	1.748756E-10	1E-08	0	0.08388488	0.9992077	0.03885509	
0.6160001	0	1.257609E-09	1E-08	0.9993662	0.0671079	0.2998739	1.39882E-10	1E-08	0	0.0671079	0.9993662	0.03388171	
0.618	0	1.006193E-09	1E-08	0.9994929	0.05368632	0.2600229	1.118938E-10	1E-08	0	0.05368632	0.9994929	0.02934324	
0.62	0	8.050224E-10	1E-08	0.9995943	0.04294905	0.2241188	8.950745E-11	1E-08	0	0.04294905	0.9995943	0.02526474	
0.622	0	6.440616E-10	1E-08	0.9996755	0.03435924	0.1921763	7.160112E-11	1E-08	0	0.03435924	0.9996755	0.02164382	
0.624	0	5.152772E-10	1E-08	0.9997404	0.02748739	0.1640466	5.72778E-11	1E-08	0	0.02748739	0.9997404	0.01846061	
0.626	0	4.122395E-10	1E-08	0.9997923	0.02198991	0.139482	4.582025E-11	1E-08	0	0.02198991	0.9997923	0.01568489	
0.628	0	3.29803E-10	1E-08	0.9998338	0.01759193	0.1181817	3.665493E-11	1E-08	0	0.01759193	0.9998338	0.01328101	
0.6300001	0	2.638497E-10	1E-08	0.999867	0.01407355	0.09982234	2.932313E-11	1E-08	0	0.01407355	0.999867	0.01121127	
0.632	0	2.110844E-10	1E-08	0.9998936	0.01125883	0.08407956	2.345799E-11	1E-08	0	0.01125883	0.9998936	0.009438178	
0.634	0	1.688706E-10	1E-08	0.9999149	0.009007068	0.07064106	1.876605E-11	1E-08	0	0.009007068	0.9999149	0.007925863	
0.636	0	1.350984E-10	1E-08	0.9999319	0.007205654	0.05921481	1.501263E-11	1E-08	0	0.007205654	0.9999319	0.006640943	
0.638	0	1.080799E-10	1E-08	0.9999455	0.005764524	0.04953345	1.200997E-11	1E-08	0	0.005764524	0.9999455	0.005552954	
0.64	0	8.646472E-11	1E-08	0.9999564	0.004611619	0.04135605	9.607888E-12	1E-08	0	0.004611619	0.9999564	0.004634521	
0.642	0	6.917227E-11	1E-08	0.9999651	0.003689295	0.03446829	7.686254E-12	1E-08	0	0.003689295	0.9999651	0.003861342	
0.6440001	0	5.533813E-11	1E-08	0.9999721	0.002951436	0.02868139	6.148967E-12	1E-08	0	0.002951436	0.9999721	0.003212053	
0.646	0	4.427071E-11	1E-08	0.9999776	0.002361149	0.02383053	4.919151E-12	1E-08	0	0.002361149	0.9999776	0.002668025	
0.648	0	3.54167E-11	1E-08	0.9999821	0.001888919	0.01977276	3.935307E-12	1E-08	0	0.001888919	0.9999821	0.002213126	
0.65	0	2.833345E-11	1E-08	0.9999857	0.001511135	0.01638487	3.148236E-12	1E-08	0	0.001511135	0.9999857	0.001833466	
0.652	0	2.266681E-11	1E-08	0.9999886	0.001208908	0.01356123	2.518582E-12	1E-08	0	0.001208908	0.9999886	0.001517144	
0.654	0	1.813348E-11	1E-08	0.9999908	0.0009671266	0.01121166	2.014862E-12	1E-08	0	0.0009671266	0.9999908	0.001254012	
0.656	0	1.450681E-11	1E-08	0.9999927	0.0007737012	0.009259461	1.611887E-12	1E-08	0	0.0007737012	0.9999927	0.001035448	
0.6580001	0	1.160546E-11	1E-08	0.9999942	0.0006189609	0.007639679	1.289508E-12	1E-08	0	0.0006189609	0.9999942	0.0008541484	
0.66	0	9.284379E-12	1E-08	0.9999954	0.0004951687	0.00629743	1.031605E-12	1E-08	0	0.0004951687	0.9999954	0.0007039508	
0.6620001	0	7.427507E-12	1E-08	0.9999962	0.000396135	0.005186494	8.252837E-13	1E-08	0	0.000396135	0.9999962	0.0005796663	
0.664	0	5.942009E-12	1E-08	0.999997	0.000316908	0.004268036	6.602266E-13	1E-08	0	0.000316908	0.999997	0.0004769376	
0.666	0	4.75361E-12	1E-08	0.9999976	0.0002535264	0.003509501	5.281811E-13	1E-08	0	0.0002535264	0.9999976	0.0003921136	
0.668	0	3.80289E-12	1E-08	0.999998	0.0002028211	0.002883659	4.225446E-13	1E-08	0	0.0002028211	0.999998	0.0003221418	
0.67	0	3.042312E-12	1E-08	0.9999984	0.0001622569	0.002367773	3.380356E-13	1E-08	0	0.0001622569	0.9999984	0.0002644742	
0.6720001	0	2.433851E-12	1E-08	0.9999987	0.0001298055	0.001942896	2.704284E-13	1E-08	0	0.0001298055	0.9999987	0.0002169879	
0.674	0	1.947081E-12	1E-08	0.999999	0.0001038444	0.001593258	2.163427E-13	1E-08	0	0.0001038444	0.999999	0.0001779172	
0.6760001	0	1.557665E-12	1E-08	0.9999992	8.307552E-05	0.00130576	1.730741E-13	1E-08	0	8.307552E-05	0.9999992	0.0001457952	
0.678	0	1.246132E-12	1E-08	0.9999993	6.646042E-05	0.00106953	1.384593E-13	1E-08	0	6.646042E-05	0.9999993	0.0001194054	
0.68	0	9.969057E-13	1E-08	0.9999995	5.316833E-05	0.0008755624	1.107674E-13	1E-08	0	5.316833E-05	0.9999995	9.773963E-05	
0.682	0	7.975248E-13	1E-08	0.9999996	4.253467E-05	0.0007164004	8.861391E-14	1E-08	0	4.253467E-05	0.9999996	7.996398E-05	
0.684	0	6.380198E-13	1E-08	0.9999996	3.402773E-05	0.0005858807	7.089113E-14	1E-08	0	3.402773E-05	0.9999996	6.538901E-05	
0.686	0	5.104159E-13	1E-08	0.9999997	2.722219E-05	0.0004789129	5.67129E-14	1E-08	0	2.722219E-05	0.9999997	5.344547E-05	
0.688	0	4.083327E-13	1E-08	0.9999998	2.177775E-05	0.000391297	4.537031E-14	1E-08	0	2.177775E-05	0.9999998	4.366378E-05	
0.6900001	0	3.266662E-13	1E-08	0.9999998	1.74222E-05	0.0003195709	3.629625E-14	1E-08	0	1.74222E-05	0.9999998	3.565694E-05	
0.692	0	2.613329E-13	1E-08	0.9999998	1.393776E-05	0.0002608834	2.9037E-14	1E-08	0	1.393776E-05	0.9999998	2.91063E-05	
0.694	0	2.090664E-13	1E-08	0.9999998	1.115021E-05	0.000212888	2.32296E-14	1E-08	0	1.115021E-05	0.9999998	2.374963E-05	
0.696	0	1.672531E-13	1E-08	0.9999998	8.920165E-06	0.0001736555	1.858368E-14	1E-08	0	8.920165E-06	0.9999998	1.937137E-05	
0.698	0	1.338024E-13	1E-08	0.9999998	7.136132E-06	0.0001416004	1.486694E-14	1E-08	0	7.136132E-06	0.9999998	1.579444E-05	
0.7	6E-09	1.07042E-13	1E-08	0.9999998	5.708906E-06	0.0001154212	1.189355E-14	1E-08	6E-09	5.708906E-06	0.9999998	1.287342E-05	
0.702	6E-09	8.563357E-14	1E-08	0.9999998	0.1200046	9.404961E-05	9.514843E-15	1E-08	6E-09	0.1200046	0.9999998	1.048903E-05	
0.7040001	6E-09	1.800068E-09	1E-08	0.9999998	0.2160037	0.03607661	2.000076E-10	1E-08	6E-09	0.2160037	0.9999998	0.004008544	
0.706	6E-09	3.240054E-09	1E-08	0.9999998	0.2928029	0.09366237	3.600061E-10	1E-08	6E-09	0.2928029	0.9999998	0.01040696	
0.708	6E-09	4.392043E-09	1E-08	0.9999998	0.3542424	0.1627708	4.880049E-10	1E-08	6E-09	0.3542424	0.9999998	0.01808567	
0.71	6E-09	5.313634E-09	1E-08	0.9999998	0.4033939	0.2364893	5.904039E-10	1E-08	6E-09	0.4033939	0.9999998	0.02627661	
0.712	6E-09	6.050907E-09	1E-08	0.9999998	0.4427151	0.3102096	6.723231E-10	1E-08	6E-09	0.4427151	0.9999998	0.03446775	
0.714	6E-09	6.640726E-09	1E-08	0.9999998	0.4741721	0.3809822	7.378586E-10	1E-08	6E-09	0.4741721	0.9999998	0.04233137	
0.716	6E-09	7.11258E-09	1E-08	0.9999998	0.4993377	0.4470374	7.902869E-10	1E-08	6E-09	0.4993377	0.9999998	0.04967084	
0.7180001	6E-09	7.490064E-09	1E-08	0.9999998	0.5194702	0.5074311	8.322295E-10	1E-08	6E-09	0.5194702	0.9999998	0.05638126	
0.72	6E-09	7.792051E-09	1E-08	0.9999998	0.5355761	0.561786	8.657837E-10	1E-08	6E-09	0.5355761	0.9999998	0.06242068	
0.7220001	6E-09	8.03364E-09	1E-08	0.9999998	0.5484609	0.6101016	8.926269E-10	1E-08	6E-09	0.5484609	0.9999998	0.06778909	
0.724	6E-09	8.226912E-09	1E-08	0.9999998	0.5587687	0.6526195	9.141016E-10	1E-08	6E-09	0.5587687	0.9999998	0.0725133	
0.726	6E-09	8.381529E-09	1E-08	0.9999998	0.5670149	0.6897262	9.312812E-10	1E-08	6E-09	0.5670149	0.9999998	0.07663626	
0.728	6E-09	8.505222E-09	1E-08	0.9999998	0.573612	0.7218854	9.450249E-10	1E-08	6E-09	0.573612	0.9999998	0.08020951	
0.73	6E-09	8.604179E-09	1E-08	0.9999998	0.5788896	0.7495919	9.5602E-10	1E-08	6E-09	0.5788896	0.9999998	0.083288	
0.7320001	6E-09	8.683343E-09	1E-08	0.9999998	0.5831117	0.7733404	9.648161E-10	1E-08	6E-09	0.5831117	0.9999998	0.08592673	
0.734	6E-09	8.746674E-09	1E-08	0.9999998	0.5864893	0.7936058	9.718529E-10	1E-08	6E-09	0.5864893	0.9999998	0.08817844	
0.7360001	6E-09	8.797339E-09	1E-08	0.9999998	0.5891914	0.8108314	9.774823E-10	1E-08	6E-09	0.5891914	0.9999998	0.09009241	
0.738	6E-09	8.83787E-09	1E-08	0.9999998	0.5913532	0.8254225	9.819858E-10	1E-08	6E-09	0.5913532	0.9999998	0.09171364	
0.74	6E-09	8.870296E-09	1E-08	0.9999998	0.5930825	0.8377439	9.855887E-10	1E-08	6E-09	0.5930825	0.9999998	0.09308268	
0.742	6E-09	8.896237E-09	1E-08	0.9999998	0.594466	0.8481199	9.88471E-10	1E-08	6E-09	0.594466	0.9999998	0.09423557	
0.744	6E-09	8.916989E-09	1E-08	0.9999998	0.5955728	0.8568357	9.907768E-10	1E-08	6E-09	0.5955728	0.9999998	0.095204	
0.7460001	6E-09	8.933591E-09	1E-08	0.9999998	0.5964583	0.8641404	9.926214E-10	1E-08	6E-09	0.5964583	0.9999998	0.09601562	
0.748	6E-09	8.946873E-09	1E-08	0.9999998	0.5971666	0.8702498	9.940971E-10	1E-08	6E-09	0.5971666	0.9999998	0.09669444	
0.7500001	6E-09	8.957498E-09	1E-08	0.9999998	0.5977333	0.8753498	9.952777E-10	1E-08	6E-09	0.5977333	0.9999998	0.0972611	
0.752	6E-09	8.965999E-09	1E-08	0.9999998	0.5981866	0.8795998	9.962223E-10	1E-08	6E-09	0.5981866	0.9999998	0.09773333	
0.754	6E-09	8.972798E-09	1E-08	0.9999998	0.5985493	0.8831358	9.969777E-10	1E-08	6E-09	0.5985493	0.9999998	0.09812622	
0.756	6E-09	8.978239E-09	1E-08	0.9999998	0.5988394	0.8860734	9.975822E-10	1E-08	6E-09	0.5988394	0.9999998	0.09845261	
0.758	6E-09	8.98259E-09	1E-08	0.9999998	0.5990715	0.8885105	9.980657E-10	1E-08	6E-09	0.5990715	0.9999998	0.0987234	
0.7600001	6E-09	8.986071E-09	1E-08	0.9999998	0.5992572	0.8905298	9.984525E-10	1E-08	6E-09	0.5992572	0.9999998	0.09894777	
0.762	6E-09	8.988857E-09	1E-08	0.9999998	0.5994058	0.892201	9.987622E-10	1E-08	6E-09	0.5994058	0.9999998	0.09913346	
0.7640001	6E-09	8.991086E-09	1E-08	0.9999998	0.5995246	0.8935826	9.990098E-10	1E-08	6E-09	0.5995246	0.9999998	0.09928696	
0.766	6E-09	8.992868E-09	1E-08	0.9999998	0.5996197	0.8947234	9.992078E-10	1E-08	6E-09	0.5996197	0.9999998	0.09941372	
0.768	6E-09	8.994294E-09	1E-08	0.9999998	0.5996958	0.8956646	9.993663E-10	1E-08	6E-09	0.5996958	0.9999998	0.0995183	
0.77	6E-09	8.995436E-09	1E-08	0.9999998	0.5997566	0.8964404	9.99493E-10	1E-08	6E-09	0.5997566	0.9999998	0.0996045	
0.772	6E-09	8.996348E-09	1E-08	0.9999998	0.5998053	0.8970792	9.995944E-10	1E-08	6E-09	0.5998053	0.9999998	0.09967549	
0.774	6E-09	8.997078E-09	1E-08	0.9999998	0.5998442	0.8976049	9.996756E-10	1E-08	6E-09	0.5998442	0.9999998	0.0997339	
0.776	6E-09	8.997662E-09	1E-08	0.9999998	0.5998754	0.8980372	9.997404E-10	1E-08	6E-09	0.5998754	0.9999998	0.09978193	
0.7780001	6E-09	8.998129E-09	1E-08	0.9999998	0.5999003	0.8983923	9.997924E-10	1E-08	6E-09	0.5999003	0.9999998	0.09982139	
0.78	6E-09	8.998503E-09	1E-08	0.9999998	0.5999202	0.898684	9.998339E-10	1E-08	6E-09	0.5999202	0.9999998	0.09985379	
0.7820001	6E-09	8.998802E-09	1E-08	0.9999998	0.5999362	0.8989232	9.998671E-10	1E-08	6E-09	0.5999362	0.9999998	0.09988037	
0.784	6E-09	8.999042E-09	1E-08	0.9999998	0.5999489	0.8991194	9.998937E-10	1E-08	6E-09	0.5999489	0.9999998	0.09990217	
0.786	6E-09	8.999232E-09	1E-08	0.9999998	0.5999591	0.8992802	9.99915E-10	1E-08	6E-09	0.5999591	0.9999998	0.09992003	
0.788	6E-09	8.999385E-09	1E-08	0.9999998	0.5999673	0.8994118	9.99932E-10	1E-08	6E-09	0.5999673	0.9999998	0.09993467	
0.79	6E-09	8.999508E-09	1E-08	0.9999998	0.5999739	0.8995196	9.999456E-10	1E-08	6E-09	0.5999739	0.9999998	0.09994664	
0.7920001	6E-09	8.999606E-09	1E-08	0.9999998	0.599979	0.8996078	9.999566E-10	1E-08	6E-09	0.599979	0.9999998	0.09995645	
0.794	6E-09	8.999685E-09	1E-08	0.9999998	0.5999833	0.89968	9.999651E-10	1E-08	6E-09	0.5999833	0.9999998	0.09996445	
0.7960001	6E-09	8.999748E-09	1E-08	0.9999998	0.5999866	0.8997389	9.999722E-10	1E-08	6E-09	0.5999866	0.9999998	0.09997101	
0.798	6E-09	8.999798E-09	1E-08	0.9999998	0.5999893	0.8997871	9.999778E-10	1E-08	6E-09	0.5999893	0.9999998	0.09997637	
0.8	0	8.999838E-09	1E-08	0.9999998	0.5999914	0.8998264	9.999822E-10	1E-08	0	0.5999914	0.9999998	0.09998074	
0.802	0	8.99987E-09	1E-08	0.9999998	0.4799932	0.8998585	9.999859E-10	1E-08	0	0.4799932	0.9999998	0.0999843	
0.804	0	7.199896E-09	1E-08	0.9999998	0.3839945	0.8638847	7.999887E-10	1E-08	0	0.3839945	0.9999998	0.09598722	
0.8060001	0	5.759917E-09	1E-08	0.9999998	0.3071956	0.8063061	6.399909E-10	1E-08	0	0.3071956	0.9999998	0.08958959	
0.808	0	4.607933E-09	1E-08	0.9999998	0.2457565	0.7372036	5.119927E-10	1E-08	0	0.2457565	0.9999998	0.08191153	
0.8100001	0	3.686347E-09	1E-08	0.9999998	0.1966052	0.6634898	4.095942E-10	1E-08	0	0.1966052	0.9999998	0.0737211	
0.812	0	2.949077E-09	1E-08	0.9999998	0.1572841	0.5897734	3.276753E-10	1E-08	0	0.1572841	0.9999998	0.06553039	
0.814	0	2.359262E-09	1E-08	0.9999998	0.1258273	0.5190039	2.621403E-10	1E-08	0	0.1258273	0.9999998	0.05766712	
0.816	0	1.887409E-09	1E-08	0.9999998	0.1006619	0.4529513	2.097122E-10	1E-08	0	0.1006619	0.9999998	0.05032793	
0.818	0	1.509928E-09	1E-08	0.9999998	0.08052948	0.3925596	1.677698E-10	1E-08	0	0.08052948	0.9999998	0.04361774	
0.8200001	0	1.207942E-09	1E-08	0.9999998	0.06442358	0.3382065	1.342158E-10	1E-08	0	0.06442358	0.9999998	0.03757851	
0.822	0	9.663536E-10	1E-08	0.9999998	0.05153887	0.2898923	1.073726E-10	1E-08	0	0.05153887	0.9999998	0.03221026	
0.8240001	0	7.730829E-10	1E-08	0.9999998	0.0412311	0.2473755	8.589812E-11	1E-08	0	0.0412311	0.9999998	0.02748617	
0.826	0	6.184663E-10	1E-08	0.9999998	0.03298488	0.2102697	6.87185E-11	1E-08	0	0.03298488	0.9999998	0.02336331	
0.8280001	0	4.947731E-10	1E-08	0.9999998	0.0263879	0.1781112	5.49748E-11	1E-08	0	0.0263879	0.9999998	0.01979014	
0.83	0	3.958184E-10	1E-08	0.9999998	0.02111032	0.1504053	4.397983E-11	1E-08	0	0.02111032	0.9999998	0.01671171	
0.832	0	3.166547E-10	1E-08	0.9999998	0.01688825	0.1266574	3.518387E-11	1E-08	0	0.01688825	0.9999998	0.01407305	
0.8340001	0	2.533238E-10	1E-08	0.9999998	0.0135106	0.1063924	2.814709E-11	1E-08	0	0.0135106	0.9999998	0.01182138	
0.836	0	2.02659E-10	1E-08	0.9999998	0.01080848	0.08916707	2.251767E-11	1E-08	0	0.01080848	0.9999998	0.009907456	
0.8380001	0	1.621272E-10	1E-08	0.9999998	0.008646786	0.07457621	1.801414E-11	1E-08	0	0.008646786	0.9999998	0.008286248	
0.84	0	1.297018E-10	1E-08	0.9999998	0.006917429	0.062255	1.441131E-11	1E-08	0	0.006917429	0.9999998	0.006917224	
0.8420001	0	1.037614E-10	1E-08	0.9999998	0.005533943	0.05187923	1.152905E-11	1E-08	0	0.005533943	0.9999998	0.005764361	
0.844	0	8.300913E-11	1E-08	0.9999998	0.004427155	0.04316356	9.223239E-12	1E-08	0	0.004427155	0.9999998	0.004795953	
0.846	0	6.640731E-11	1E-08	0.9999998	0.003541724	0.035859	7.378592E-12	1E-08	0	0.003541724	0.9999998	0.003984334	
0.848	0	5.312585E-11	1E-08	0.9999998	0.002833379	0.02974971	5.902874E-12	1E-08	0	0.002833379	0.9999998	0.003305525	
0.85	0	4.250068E-11	1E-08	0.9999998	0.002266703	0.02464978	4.722299E-12	1E-08	0	0.002266703	0.9999998	0.002738866	
0.8520001	0	3.400054E-11	1E-08	0.9999998	0.001813362	0.02039984	3.777839E-12	1E-08	0	0.001813362	0.9999998	0.00226665	
0.854	0	2.720043E-11	1E-08	0.9999998	0.00145069	0.01686388	3.022271E-12	1E-08	0	0.00145069	0.9999998	0.001873765	
0.8560001	0	2.176035E-11	1E-08	0.9999998	0.001160552	0.01392631	2.417817E-12	1E-08	0	0.001160552	0.9999998	0.001547368	
0.858	0	1.740828E-11	1E-08	0.9999998	0.0009284416	0.01148921	1.934254E-12	1E-08	0	0.0009284416	0.9999998	0.00127658	
0.86	0	1.392662E-11	1E-08	0.9999998	0.0007427533	0.009469902	1.547403E-12	1E-08	0	0.0007427533	0.9999998	0.001052212	
0.862	0	1.11413E-11	1E-08	0.9999998	0.0005942026	0.007798747	1.237922E-12	1E-08	0	0.0005942026	0.9999998	0.0008665279	
0.864	0	8.913038E-12	1E-08	0.9999998	0.0004753621	0.006417259	9.903378E-13	1E-08	0	0.0004753621	0.9999998	0.0007130291	
0.8660001	0	7.13043E-12	1E-08	0.9999998	0.0003802896	0.005276415	7.922702E-13	1E-08	0	0.0003802896	0.9999998	0.0005862687	
0.868	0	5.704344E-12	1E-08	0.9999998	0.0003042317	0.004335219	6.338161E-13	1E-08	0	0.0003042317	0.9999998	0.0004816912	
0.8700001	0	4.563475E-12	1E-08	0.9999998	0.0002433854	0.003559445	5.070529E-13	1E-08	0	0.0002433854	0.9999998	0.000395494	
0.872	0	3.65078E-12	1E-08	0.9999998	0.0001947083	0.002920571	4.056423E-13	1E-08	0	0.0001947083	0.9999998	0.0003245081	
0.874	0	2.920624E-12	1E-08	0.9999998	0.0001557666	0.002394869	3.245138E-13	1E-08	0	0.0001557666	0.9999998	0.0002660967	
0.876	0	2.336499E-12	1E-08	0.9999998	0.0001246133	0.001962625	2.596111E-13	1E-08	0	0.0001246133	0.9999998	0.0002180696	
0.878	0	1.869199E-12	1E-08	0.9999998	9.969065E-05	0.001607484	2.076889E-13	1E-08	0	9.969065E-05	0.9999998	0.0001786095	
0.8800001	0	1.49536E-12	1E-08	0.9999998	7.975251E-05	0.001315895	1.661511E-13	1E-08	0	7.975251E-05	0.9999998	0.0001462106	
0.882	0	1.196287E-12	1E-08	0.9999998	6.380201E-05	0.001076641	1.329209E-13	1E-08	0	6.380201E-05	0.9999998	0.0001196269	
0.8840001	0	9.570299E-13	1E-08	0.9999998	5.104161E-05	0.0008804537	1.063367E-13	1E-08	0	5.104161E-05	0.9999998	9.782824E-05	
0.886	0	7.65624E-13	1E-08	0.9999998	4.083329E-05	0.0007196754	8.506935E-14	1E-08	0	4.083329E-05	0.9999998	7.996397E-05	
0.8880001	0	6.124992E-13	1E-08	0.9999998	3.266663E-05	0.0005879903	6.805548E-14	1E-08	0	3.266663E-05	0.9999998	6.533229E-05	
0.89	0	4.899993E-13	1E-08	0.9999998	2.61333E-05	0.0004801922	5.444438E-14	1E-08	0	2.61333E-05	0.9999998	5.335471E-05	
0.892	0	3.919994E-13	1E-08	0.9999998	2.090664E-05	0.0003919938	4.35555E-14	1E-08	0	2.090664E-05	0.9999998	4.355488E-05	
0.8940001	0	3.135996E-13	1E-08	0.9999998	1.672531E-05	0.000319867	3.484441E-14	1E-08	0	1.672531E-05	0.9999998	3.554079E-05	
0.896	0	2.508797E-13	1E-08	0.9999998	1.338025E-05	0.0002609112	2.787552E-14	1E-08	0	1.338025E-05	0.9999998	2.899014E-05	
0.8980001	0	2.007037E-13	1E-08	0.9999998	1.07042E-05	0.000212743	2.230042E-14	1E-08	0	1.07042E-05	0.9999998	2.363812E-05	
0.9	8E-09	1.60563E-13	1E-08	0.9999998	8.563358E-06	0.0001734057	1.784033E-14	1E-08	8E-09	8.563358E-06	0.9999998	1.92673E-05	
0.9020001	8E-09	1.284504E-13	1E-08	0.9999998	0.1600069	0.0001412936	1.427226E-14	1E-08	8E-09	0.1600069	0.9999998	1.569929E-05	
0.904	8E-09	2.400103E-09	1E-08	0.9999998	0.2880055	0.04811509	2.666781E-10	1E-08	8E-09	0.2880055	0.9999998	0.005346122	
0.906	8E-09	4.320082E-09	1E-08	0.9999998	0.3904044	0.1248937	4.800092E-10	1E-08	8E-09	0.3904044	0.9999998	0.01387708	
0.9080001	8E-09	5.856065E-09	1E-08	0.9999998	0.4723235	0.2170363	6.506741E-10	1E-08	8E-09	0.4723235	0.9999998	0.02411515	
0.91	8E-09	7.084852E-09	1E-08	0.9999998	0.5378588	0.3153261	7.87206E-10	1E-08	8E-09	0.5378588	0.9999998	0.03503624	
0.9120001	8E-09	8.067881E-09	1E-08	0.9999998	0.5902871	0.4136185	8.964315E-10	1E-08	8E-09	0.5902871	0.9999998	0.04595762	
0.914	8E-09	8.854305E-09	1E-08	0.9999998	0.6322297	0.5079809	9.838119E-10	1E-08	8E-09	0.6322297	0.9999998	0.05644234	
0.9160001	8E-09	9.483444E-09	1E-08	0.9999998	0.6657838	0.5960536	1.053716E-09	1E-08	8E-09	0.6657838	0.9999998	0.0662282	
0.918	8E-09	9.986755E-09	1E-08	0.9999998	0.692627	0.676578	1.10964E-09	1E-08	8E-09	0.692627	0.9999998	0.07517534	
0.92	8E-09	1.03894E-08	1E-08	0.9999998	0.7141016	0.7490504	1.154378E-09	1E-08	8E-09	0.7141016	0.9999998	0.08322784	
0.9220001	8E-09	1.071152E-08	1E-08	0.9999998	0.7312813	0.8134708	1.190169E-09	1E-08	8E-09	0.7312813	0.9999998	0.09038567	
0.924	8E-09	1.096922E-08	1E-08	0.9999998	0.745025	0.870161	1.218802E-09	1E-08	8E-09	0.745025	0.9999998	0.09668458	
0.9260001	8E-09	1.117537E-08	1E-08	0.9999998	0.7560199	0.9196362	1.241708E-09	1E-08	8E-09	0.7560199	0.9999998	0.1021818	
0.928	8E-09	1.13403E-08	1E-08	0.9999998	0.7648159	0.9625149	1.260033E-09	1E-08	8E-09	0.7648159	0.9999998	0.1069461	
0.9300001	8E-09	1.147224E-08	1E-08	0.9999998	0.7718527	0.9994567	1.274693E-09	1E-08	8E-09	0.7718527	0.9999998	0.1110508	
0.932	8E-09	1.157779E-08	1E-08	0.9999998	0.7774822	1	1.286421E-09	1E-08	8E-09	0.7774822	0.9999998	0.114569	
0.934	8E-09	1.166223E-08	1E-08	0.9999998	0.7819858	1	1.295804E-09	1E-08	8E-09	0.7819858	0.9999998	0.1175713	
0.936	8E-09	1.172978E-08	1E-08	0.9999998	0.7855886	1	1.30331E-09	1E-08	8E-09	0.7855886	0.9999998	0.1201232	
0.938	8E-09	1.178383E-08	1E-08	0.9999998	0.7884709	1	1.309314E-09	1E-08	8E-09	0.7884709	0.9999998	0.1222849	
0.9400001	8E-09	1.182706E-08	1E-08	0.9999998	0.7907767	1	1.314118E-09	1E-08	8E-09	0.7907767	0.9999998	0.1241103	
0.942	8E-09	1.186165E-08	1E-08	0.9999998	0.7926214	1	1.317961E-09	1E-08	8E-09	0.7926214	0.9999998	0.1256474	
0.9440001	8E-09	1.188932E-08	1E-08	0.9999998	0.7940971	1	1.321036E-09	1E-08	8E-09	0.7940971	0.9999998	0.1269387	
0.946	8E-09	1.191145E-08	1E-08	0.9999998	0.7952777	1	1.323495E-09	1E-08	8E-09	0.7952777	0.9999998	0.1280208	
0.9480001	8E-09	1.192916E-08	1E-08	0.9999998	0.7962221	1	1.325463E-09	1E-08	8E-09	0.7962221	0.9999998	0.1289259	
0.95	8E-09	1.194333E-08	0	0.9999998	0.7969776	1	1.327037E-09	0	8E-09	0.7969776	0.9999998	0.1296815	
0.952	8E-09	1.195466E-08	0	0.7999998	0.7975821	1	1.328296E-09	0	8E-09	0.7975821	0.7999998	0.1303111	
0.9540001	8E-09	1.036857E-08	0	0.6399999	0.7980657	1	1.533812E-09	0	8E-09	0.7980657	0.6399999	0.1349251	
0.956	8E-09	9.097947E-09	0	0.5119999	0.7984525	1	1.750144E-09	0	8E-09	0.7984525	0.5119999	0.142943	
0.9580001	8E-09	8.080338E-09	0	0.4095999	0.798762	1	1.972462E-09	0	8E-09	0.798762	0.4095999	0.1538036	
0.96	8E-09	7.265538E-09	0	0.3276799	0.7990096	0.9776027	2.195366E-09	0	8E-09	0.7990096	0.3276799	0.1669502	
0.9620001	8E-09	6.613242E-09	0	0.2621439	0.7992077	0.9143471	2.413401E-09	0	8E-09	0.7992077	0.2621439	0.1818282	
0.964	8E-09	6.091113E-09	0	0.2097151	0.7993662	0.8532999	2.621577E-09	0	8E-09	0.7993662	0.2097151	0.1978941	
0.966	8E-09	5.673223E-09	0	0.1677721	0.7994929	0.7961044	2.815799E-09	0	8E-09	0.7994929	0.1677721	0.2146313	
0.9680001	8E-09	5.338791E-09	0	0.1342177	0.7995943	0.7436593	2.993135E-09	0	8E-09	0.7995943	0.1342177	0.2315677	
0.97	8E-09	5.071168E-09	0	0.1073741	0.7996755	0.6963508	3.151892E-09	0	8E-09	0.7996755	0.1073741	0.248292	
0.9720001	8E-09	4.857022E-09	0	0.08589932	0.7997403	0.6542211	3.291527E-09	0	8E-09	0.7997403	0.08589932	0.2644642	
0.974	8E-09	4.685673E-09	0	0.06871945	0.7997923	0.6170903	3.412448E-09	0	8E-09	0.7997923	0.06871945	0.2798203	
0.9760001	8E-09	4.548574E-09	0	0.05497556	0.7998338	0.5846437	3.515759E-09	0	8E-09	0.7998338	0.05497556	0.2941714	
0.978	8E-09	4.438883E-09	0	0.04398045	0.799867	0.5564926	3.603014E-09	0	8E-09	0.799867	0.04398045	0.3073974	
0.98	8E-09	4.35112E-09	0	0.03518436	0.7998937	0.5322165	3.675992E-09	0	8E-09	0.7998937	0.03518436	0.3194377	
0.9820001	8E-09	4.280906E-09	0	0.02814749	0.7999149	0.5113913	3.736533E-09	0	8E-09	0.7999149	0.02814749	0.3302809	
0.984	8E-09	4.22473E-09	0	0.02251799	0.7999319	0.4936076	3.786418E-09	0	8E-09	0.7999319	0.02251799	0.3399531	
0.9860001	8E-09	4.179788E-09	0	0.01801439	0.7999455	0.4784819	3.827294E-09	0	8E-09	0.7999455	0.01801439	0.3485083	
0.988	8E-09	4.143833E-09	0	0.01441151	0.7999564	0.4656622	3.860634E-09	0	8E-09	0.7999564	0.01441151	0.3560193	
0.9900001	8E-09	4.115067E-09	0	0.01152921	0.7999651	0.4548311	3.887726E-09	0	8E-09	0.7999651	0.01152921	0.36257	
0.992	8E-09	4.092056E-09	0	0.009223368	0.7999721	0.445706	3.909675E-09	0	8E-09	0.7999721	0.009223368	0.3682495	
0.994	8E-09	4.073645E-09	0	0.007378694	0.7999777	0.4380377	3.927413E-09	0	8E-09	0.7999777	0.007378694	0.3731478	
0.9960001	8E-09	4.058916E-09	0	0.005902955	0.7999821	0.4316084	3.941719E-09	0	8E-09	0.7999821	0.005902955	0.3773527	
0.998	8E-09	4.047133E-09	0	0.004722364	0.7999856	0.4262294	3.953239E-09	0	8E-09	0.7999856	0.004722364	0.3809469	
1	0	4.037706E-09	0	0.003777891	0.7999885	0.4217377	3.962504E-09	0	0	0.7999885	0.003777891	0.3840076	
1.002	0	4.030165E-09	0	0.003022313	0.6399908	0.4179934	3.969947E-09	0	0	0.6399908	0.003022313	0.386605	
1.004	0	3.219296E-09	0	0.002417851	0.5119926	0.3987807	3.180728E-09	0	0	0.5119926	0.002417851	0.3728985	
1.006	0	2.572342E-09	0	0.00193428	0.4095941	0.3704714	2.547643E-09	0	0	0.4095941	0.00193428	0.3492717	
1.008	0	2.055893E-09	0	0.001547424	0.3276753	0.3374949	2.040078E-09	0	0	0.3276753	0.001547424	0.3202189	
1.01	0	1.643447E-09	0	0.001237939	0.2621402	0.3028649	1.633322E-09	0	0	0.2621402	0.001237939	0.2888415	
1.012	0	1.313946E-09	0	0.0009903515	0.2097122	0.2685708	1.307464E-09	0	0	0.2097122	0.0009903515	0.2572225	
1.014	0	1.050638E-09	0	0.0007922812	0.1677698	0.2358694	1.046488E-09	0	0	0.1677698	0.0007922812	0.2267078	
1.016	0	8.40178E-10	0	0.000633825	0.1342158	0.2054991	8.375217E-10	0	0	0.1342158	0.000633825	0.1981167	
1.018	0	6.719297E-10	0	0.00050706	0.1073726	0.1778378	6.702294E-10	0	0	0.1073726	0.00050706	0.1718979	
1.02	0	5.374076E-10	0	0.000405648	0.08589811	0.1530184	5.363193E-10	0	0	0.08589811	0.000405648	0.1482447	
1.022	0	4.29839E-10	0	0.0003245184	0.06871849	0.1310115	4.291424E-10	0	0	0.06871849	0.0003245184	0.1271786	
1.024	0	3.438154E-10	0	0.0002596147	0.05497478	0.1116855	3.433696E-10	0	0	0.05497478	0.0002596147	0.1086103	
1.026	0	2.750166E-10	0	0.0002076918	0.04397983	0.09484875	2.747313E-10	0	0	0.04397983	0.0002076918	0.09238285	
1.028	0	2.199905E-10	0	0.0001661534	0.03518386	0.08027881	2.198079E-10	0	0	0.03518386	0.0001661534	0.07830244	
1.03	0	1.759778E-10	0	0.0001329227	0.02814709	0.06774261	1.758609E-10	0	0	0.02814709	0.0001329227	0.06615916	
1.032	0	1.407729E-10	0	0.0001063382	0.02251767	0.05700954	1.406981E-10	0	0	0.02251767	0.0001063382	0.05574129	
1.034	0	1.126123E-10	0	8.507053E-05	0.01801414	0.04785988	1.125644E-10	0	0	0.01801414	8.507053E-05	0.04684432	
1.036	0	9.0086E-11	0	6.805643E-05	0.01441131	0.04008962	9.005537E-11	0	0	0.01441131	6.805643E-05	0.03927656	
1.038	0	7.206635E-11	0	5.444514E-05	0.01152905	0.03351302	7.204673E-11	0	0	0.01152905	5.444514E-05	0.03286219	
1.04	0	5.765151E-11	0	4.355611E-05	0.009223238	0.02796345	5.763896E-11	0	0	0.009223238	4.355611E-05	0.02744253	
1.042	0	4.61202E-11	0	3.484489E-05	0.007378589	0.02329316	4.611217E-11	0	0	0.007378589	3.484489E-05	0.02287626	
1.044	0	3.689552E-11	0	2.787591E-05	0.005902871	0.01937244	3.689037E-11	0	0	0.005902871	2.787591E-05	0.01903882	
1.046	0	2.9516E-11	0	2.230073E-05	0.004722297	0.01608827	2.951271E-11	0	0	0.004722297	2.230073E-05	0.01582131	
1.048	0	2.361254E-11	0	1.784058E-05	0.003777838	0.01334287	2.361043E-11	0	0	0.003777838	1.784058E-05	0.01312926	
1.05	0	1.888986E-11	0	1.427247E-05	0.00302227	0.01105209	1.888852E-11	0	0	0.00302227	1.427247E-05	0.01088118	
1.052	0	1.511178E-11	0	1.141797E-05	0.002417816	0.00914391	1.511092E-11	0	0	0.002417816	1.141797E-05	0.00900716	
1.054	0	1.208936E-11	0	9.134378E-06	0.001934253	0.007556915	1.20888E-11	0	0	0.001934253	9.134378E-06	0.007447504	
1.056	0	9.671442E-12	0	7.307503E-06	0.001547402	0.006238962	9.671089E-12	0	0	0.001547402	7.307503E-06	0.006151425	
1.058	0	7.737125E-12	0	5.846002E-06	0.001237922	0.005145912	7.736898E-12	0	0	0.001237922	5.846002E-06	0.005075878	
1.06	0	6.189682E-12	0	4.676801E-06	0.0009903375	0.004240523	6.189537E-12	0	0	0.0009903375	4.676801E-06	0.004184492	
1.062	0	4.951733E-12	0	3.741441E-06	0.0007922699	0.003491453	4.951641E-12	0	0	0.0007922699	3.741441E-06	0.003446627	
1.064	0	3.961379E-12	0	2.993153E-06	0.0006338159	0.00287239	3.96132E-12	0	0	0.0006338159	2.993153E-06	0.002836528	
1.066	0	3.169099E-12	0	2.394522E-06	0.0005070528	0.002361294	3.169061E-12	0	0	0.0005070528	2.394522E-06	0.002332604	
1.068	0	2.535276E-12	0	1.915618E-06	0.0004056422	0.00193974	2.535252E-12	0	0	0.0004056422	1.915618E-06	0.001916788	
1.07	0	2.028219E-12	0	1.532494E-06	0.0003245138	0.001592357	2.028203E-12	0	0	0.0003245138	1.532494E-06	0.001573994	
1.072	0	1.622574E-12	0	1.225995E-06	0.000259611	0.001306337	1.622564E-12	0	0	0.000259611	1.225995E-06	0.001291647	
1.074	0	1.298058E-12	0	0	0.0002076888	0.001071031	1.298052E-12	0	0	0.0002076888	0	0.001059278	
1.076	0	1.038444E-12	0	0	0.000166151	0.0008775934	1.038444E-12	0	0	0.000166151	0	0.0008681917	
1.078	0	8.307552E-13	0	0	0.0001329208	0.0007186898	8.307552E-13	0	0	0.0001329208	0	0.0007111684	
1.08	0	6.646042E-13	0	0	0.0001063367	0.0005882439	6.646042E-13	0	0	0.0001063367	0	0.0005822268	
1.082	0	5.316833E-13	0	0	8.506933E-05	0.0004812288	5.316833E-13	0	0	8.506933E-05	0	0.0004764151	
1.084	0	4.253467E-13	0	0	6.805547E-05	0.00039349	4.253467E-13	0	0	6.805547E-05	0	0.000389639	
1.086	0	3.402773E-13	0	0	5.444437E-05	0.0003215975	3.402773E-13	0	0	5.444437E-05	0	0.0003185167	
1.088	0	2.722219E-13	0	0	4.35555E-05	0.0002627224	2.722219E-13	0	0	4.35555E-05	0	0.0002602578	
1.09	0	2.177775E-13	0	0	3.48444E-05	0.0002145335	2.177775E-13	0	0	3.48444E-05	0	0.0002125618	
1.092	0	1.74222E-13	0	0	2.787552E-05	0.0001751112	1.74222E-13	0	0	2.787552E-05	0	0.0001735339	
1.094	0	1.393776E-13	0	0	2.230041E-05	0.0001428765	1.393776E-13	0	0	2.230041E-05	0	0.0001416147	
1.096	0	1.115021E-13	0	0	1.784033E-05	0.0001165313	1.115021E-13	0	0	1.784033E-05	0	0.0001155218	
1.098	0	8.920165E-14	0	0	1.427226E-05	9.500905E-05	8.920165E-14	0	0	1.427226E-05	0	9.420144E-05	
1.1	0	7.136132E-14	0	0	1.141781E-05	7.743447E-05	7.136132E-14	0	0	1.141781E-05	0	7.678838E-05	
1.102	0	5.708905E-14	0	0	9.134248E-06	6.308936E-05	5.708905E-14	0	0	9.134248E-06	0	6.257249E-05	
1.104	0	4.567124E-14	0	0	7.307399E-06	5.138491E-05	4.567124E-14	0	0	7.307399E-06	0	5.097141E-05	
1.106	0	3.653699E-14	0	0	5.845919E-06	4.183867E-05	3.653699E-14	0	0	5.845919E-06	0	4.150787E-05	
1.108	0	2.92296E-14	0	0	4.676735E-06	3.405552E-05	2.92296E-14	0	0	4.676735E-06	0	3.379089E-05	
1.11	0	2.338368E-14	0	0	3.741388E-06	2.771209E-05	2.338368E-14	0	0	3.741388E-06	0	2.750038E-05	
1.112	0	1.870694E-14	0	0	2.993111E-06	2.254381E-05	1.870694E-14	0	0	2.993111E-06	0	2.237445E-05	
1.114	0	1.496555E-14	0	0	2.394488E-06	1.833436E-05	1.496555E-14	0	0	2.394488E-06	0	1.819887E-05	
1.116	0	1.197244E-14	0	0	1.915591E-06	1.490694E-05	1.197244E-14	0	0	1.915591E-06	0	1.479854E-05	
1.118	0	9.577954E-15	0	0	1.532472E-06	1.211711E-05	9.577954E-15	0	0	1.532472E-06	0	1.203039E-05	
1.12	0	7.662362E-15	0	0	1.225978E-06	9.846934E-06	7.662362E-15	0	0	1.225978E-06	0	9.777561E-06	
1.122	0	6.12989E-15	0	0	0	8.000144E-06	6.12989E-15	0	0	0	0	7.944646E-06	
1.124	0	0	0	0	0	6.400115E-06	0	0	0	0	0	6.355717E-06	
1.126	0	0	0	0	0	5.120092E-06	0	0	0	0	0	5.084574E-06	
1.128	0	0	0	0	0	4.096074E-06	0	0	0	0	0	4.067659E-06	
1.13	0	0	0	0	0	3.276859E-06	0	0	0	0	0	3.254127E-06	
1.132	0	0	0	0	0	2.621487E-06	0	0	0	0	0	2.603302E-06	
1.134	0	0	0	0	0	2.09719E-06	0	0	0	0	0	2.082641E-06	
1.136	0	0	0	0	0	1.677752E-06	0	0	0	0	0	1.666113E-06	
1.138	0	0	0	0	0	1.342201E-06	0	0	0	0	0	1.332891E-06	
1.14	0	0	0	0	0	1.073761E-06	0	0	0	0	0	1.066312E-06	
1.142	0	0	0	0	0	0	0	0	0	0	0	0	
1.144	0	0	0	0	0	0	0	0	0	0	0	0	
1.146	0	0	0	0	0	0	0	0	0	0	0	0	
1.148	0	0	0	0	0	0	0	0	0	0	0	0	
1.15	0	0	0	0	0	0	0	0	0	0	0	0	
1.152	0	0	0	0	0	0	0	0	0	0	0	0	
1.154	0	0	0	0	0	0	0	0	0	0	0	0	
1.156	0	0	0	0	0	0	0	0	0	0	0	0	
1.158	0	0	0	0	0	0	0	0	0	0	0	0	
1.16	0	0	0	0	0	0	0	0	0	0	0	0	
1.162	0	0	0	0	0	0	0	0	0	0	0	0	
1.164	0	0	0	0	0	0	0	0	0	0	0	0	
1.166	0	0	0	0	0	0	0	0	0	0	0	0	
1.168	0	0	0	0	0	0	0	0	0	0	0	0	
1.17	0	0	0	0	0	0	0	0	0	0	0	0	
1.172	0	0	0	0	0	0	0	0	0	0	0	0	
1.174	0	0	0	0	0	0	0	0	0	0	0	0	
1.176	0	0	0	0	0	0	0	0	0	0	0	0	
1.178	0	0	0	0	0	0	0	0	0	0	0	0	
1.18	0	0	0	0	0	0	0	0	0	0	0	0	
1.182	0	0	0	0	0	0	0	0	0	0	0	0	
1.184	0	0	0	0	0	0	0	0	0	0	0	0	
1.186	0	0	0	0	0	0	0	0	0	0	0	0	
1.188	0	0	0	0	0	0	0	0	0	0	0	0	
1.19	0	0	0	0	0	0	0	0	0	0	0	0	
1.192	0	0	0	0	0	0	0	0	0	0	0	0	
1.194	0	0	0	0	0	0	0	0	0	0	0	0	
1.196	0	0	0	0	0	0	0	0	0	0	0	0	
1.198	0	0	0	0	0	0	0	0	0	0	0	0	
1.2	0	0	0	0	0	0	0	0	0	0	0	0	
